3 0.5765625 0.5640625 0.2984375 0.059375
3 0.4984375 0.52109375 0.4703125 0.059375
3 0.4421875 0.5984375 0.3546875 0.046875
3 0.58203125 0.6359375 0.303125 0.059375
3 0.40078125 0.6671875 0.2875 0.053125
3 0.5875 0.69921875 0.2875 0.053125
3 0.365625 0.72109375 0.2171875 0.0375
3 0.6140625 0.7578125 0.234375 0.059375
3 0.365625 0.76875 0.2203125 0.053125
3 0.35078125 0.81953125 0.1875 0.046875
3 0.38984375 0.85078125 0.1046875 0.059375
3 0.31328125 0.87265625 0.1125 0.0640625
3 0.6453125 0.859375 0.1984375 0.053125
3 0.625 0.80546875 0.2203125 0.0484375