3 0.59296875 0.253125 0.0625 0.3609375
3 0.5359375 0.25546875 0.0578125 0.3609375
3 0.48671875 0.25546875 0.0671875 0.35625
3 0.42890625 0.253125 0.05 0.35625
3 0.3796875 0.25546875 0.0578125 0.3609375
3 0.3265625 0.25546875 0.053125 0.3640625
3 0.27578125 0.25546875 0.0625 0.3640625
3 0.2203125 0.25546875 0.084375 0.36875
3 0.5 0.56640625 0.053125 0.23125
3 0.4578125 0.56640625 0.0359375 0.2359375
3 0.41796875 0.5625 0.03125 0.240625
3 0.384375 0.5578125 0.0265625 0.2359375
3 0.353125 0.5640625 0.03125 0.23125