3 0.5 0.31328125 0.3078125 0.2453125
3 0.5625 0.35546875 0.334375 0.2265625
3 0.63359375 0.40234375 0.3203125 0.178125
3 0.6421875 0.4734375 0.421875 0.178125
3 0.6796875 0.54921875 0.4671875 0.146875
3 0.6953125 0.615625 0.3875 0.075
3 0.69140625 0.7 0.36875 0.0703125
3 0.69296875 0.778125 0.3828125 0.0625
3 0.25546875 0.76015625 0.3734375 0.05
3 0.27109375 0.71328125 0.334375 0.04375
3 0.26875 0.6625 0.334375 0.053125
3 0.26640625 0.615625 0.3203125 0.0578125
3 0.253125 0.57578125 0.325 0.0796875