0 0.6091333031249999 0.7100974015625 0.6042348515625 0.7251891671874999 0.6139026515625 0.7465785734375 0.62009865 0.8024980015625 0.6355383515625 0.8432017875 0.6443779296875001 0.841875034375 0.6505404 0.831731271875 0.6476444625 0.7968271125 0.6278776203125 0.736798684375 0.6240390062500001 0.7086785843750001 0.6154446578125 0.707749990625 0.587401125 0.5819286359375 0.5826698593749999 0.5764928828125 0.579588625 0.5815647625 0.58123865625 0.5920723984375 0.6091333031249999 0.7100974015625
0 0.524025371875 0.67633084375 0.519613965625 0.6935100171874999 0.5222910749999999 0.702327025 0.5309285906250001 0.7079447156249999 0.539145215625 0.6944197 0.5563867171875 0.639591890625 0.5624481546875 0.6329203515625 0.5625211875 0.6160068359374999 0.6032956890625 0.5061765265625 0.60257170625 0.4974504859375 0.5591580953124999 0.60898265 0.5492814359375 0.6149224625 0.5448700296875 0.6321016359375 0.524025371875 0.67633084375
0 0.4805854375 0.5560920484375 0.490974015625 0.5687451515624999 0.513964453125 0.5683137703125001 0.5251031875 0.5720732078124999 0.529509971875 0.5653398875 0.5580930296875 0.5740669890625 0.551823984375 0.5611485015625 0.532494796875 0.553294375 0.5269385171875001 0.5426048031249999 0.515965571875 0.54040848125 0.5058582671875 0.5277152625 0.4903342984375 0.5235152953125 0.4812926578125 0.5317864937500001 0.4805854375 0.5560920484375
0 0.515012834375 0.48119748749999997 0.507570109375 0.47134192500000005 0.4833534890625 0.47602501718749995 0.46255289375 0.4700674375 0.44477270625000004 0.4761931671875 0.4327508625 0.486064025 0.4275144390625 0.49798938281250005 0.42896240781249995 0.5154414625 0.43554576718750004 0.52444040625 0.46391659531249996 0.524023334375 0.49073842343749996 0.50962640625 0.5102696734375 0.5105360890624999 0.51858733125 0.49353885000000003 0.60492895625 0.48365256562500003 0.6108893625 0.4804532484375 0.6140716281249999 0.47190914375000004 0.6112934875 0.46656435937499996 0.6034809875 0.4662004859375 0.587653925 0.4724171828125 0.515012834375 0.48119748749999997
0 0.5489620203125 0.3906457390625 0.556407071875 0.3888033078125 0.560722209375 0.3937587359375 0.5889505671874999 0.3942467 0.59140885 0.37697655625 0.5886307093750001 0.371631771875 0.573106740625 0.367431803125 0.5563352203124999 0.370838659375 0.549669240625 0.366340184375 0.545560928125 0.3731026921875 0.481612021875 0.3641887375 0.4808033546875 0.3715468890625 0.545358865625 0.38004713749999997 0.5489620203125 0.3906457390625
0 0.5620367953125001 0.3077114140625 0.55985635 0.3213449765625 0.5164907375000001 0.3404561234375 0.5060589 0.35159225156249996 0.51985044375 0.34930517656250004 0.5623983031249999 0.332163771875 0.568476521875 0.34182085 0.5780233031249999 0.33289151875 0.6293097109375 0.3178955796875 0.6323909453125001 0.3128237 0.6328961015625 0.2954625890625 0.6282658671875 0.28655461249999997 0.6105867109374999 0.289208121875 0.5748028578125 0.308306003125 0.5620367953125001 0.3077114140625
0 0.4508345875 0.267859834375 0.44066483593749994 0.2812938828125 0.40099614843750003 0.30030785 0.3797306 0.32539435 0.3791244125 0.3462276828125 0.387559865625 0.35878981875 0.39249319374999997 0.357281128125 0.41736189687499997 0.34279323125 0.4397555546875 0.3125438828125 0.4596909296875 0.2995646765625 0.4610211015625 0.2874573828125 0.4701637734375 0.2757139609375 0.51815011875 0.23970275624999998 0.531401103125 0.221196828125 0.522561525 0.22252358125 0.4613153171875 0.2750217515625 0.4508345875 0.267859834375
0 0.42379393125 0.25616961250000003 0.42808691093749995 0.251914665625 0.44222997499999994 0.25627130625 0.473649134375 0.25675319218750003 0.477656415625 0.25346290625 0.478262603125 0.232629571875 0.47167924375 0.223630628125 0.4227500875 0.22482864375 0.41668865000000005 0.23150018437500003 0.3679673109375 0.23379464687499998 0.345248040625 0.23338817500000003 0.342189509375 0.24104638281250002 0.41638555625 0.24191685000000002 0.42379393125 0.25616961250000003
0 0.266365084375 0.356622009375 0.254747365625 0.35260397656250003 0.2403682703125 0.3762727546875 0.2043027390625 0.405885325 0.1920788328125 0.42270062656249996 0.18067994062499998 0.44476974687500004 0.180275815625 0.45865863593749995 0.1886102375 0.4746929921875 0.20135606562500002 0.473548175 0.22252058125000002 0.45193389687499996 0.2513798015625 0.40112412031250005 0.26545580156250004 0.387872009375 0.2705911921875 0.3794188734375 0.2689411625 0.3689112390625 0.282293178125 0.34693308749999996 0.35934080625 0.25316765937499996 0.36262410312500004 0.24115133437499997 0.3518314 0.24238711875000002 0.266365084375 0.356622009375
0 0.2802050484375 0.4859129453125 0.2723925484375 0.48554907187499996 0.2345759546875 0.50812623125 0.2274874390625 0.516488396875 0.2270833140625 0.5303772859375 0.231713546875 0.5392852625 0.23469375 0.5376856046875 0.2674759859375 0.5200893578125 0.2855592671875 0.5035469609375001 0.2933717671875 0.5039108328124999 0.3075487984375 0.48718649999999997 0.35122476874999997 0.46488224687499996 0.36725389375 0.45172110468750004 0.37043615937499996 0.44317700000000004 0.30394564375 0.4765878984375 0.29027376875 0.47595112031250003 0.2802050484375 0.4859129453125
0 0.4307642078125 0.4199098671875 0.3834850828125 0.431615515625 0.36848303437499996 0.44308603281250003 0.38801428437499996 0.443995715625 0.4205944578125 0.4333439125 0.4459850828125 0.43452650000000004 0.45204652031250003 0.42785496093750003 0.4775381765625 0.4255653265625 0.4934662703125 0.41587640625000005 0.5032318953125 0.416331246875 0.5064141609374999 0.4077871453125 0.5001338953125 0.38837153281250003 0.44083292656250006 0.40994804062499995 0.4307642078125 0.4199098671875
0 0.41974035781249996 0.5769096109375 0.37064670624999996 0.5783209453125 0.35642721875 0.58855549375 0.3540699671875 0.6023534125000001 0.3584981390625 0.6182058328125 0.3809085609375 0.6209880812499999 0.39850827187500004 0.611843315625 0.4215032953125 0.6037557062500001 0.42726163906250003 0.607500834375 0.43627909374999996 0.5908867515625 0.5102021718749999 0.5800715015625 0.5133844375 0.5715273984375 0.44770217187499994 0.5771605171874999 0.43660145312500004 0.579808021875 0.430326109375 0.5693973578125 0.41974035781249996 0.5769096109375
0 0.37245669062500003 0.8306499703125001 0.3771057296875 0.8415958781249999 0.39427972968749997 0.85630348125 0.42943597968749997 0.8579409109375 0.443469484375 0.8666751874999999 0.45052309062499996 0.8588242765625 0.4944223140625 0.8775098390625 0.510273303125 0.8782481109375 0.49744480468749996 0.8663686359374999 0.45164346875000005 0.84759448125 0.4471640234375 0.832437228125 0.4368526828125 0.8322390140625 0.41402843593750005 0.815055484375 0.4096543671875 0.812356971875 0.4035967796875 0.8080824859375 0.379526503125 0.8058768578125 0.372879621875 0.8187990125000001 0.37245669062500003 0.8306499703125001
0 0.2852054359375 0.6165306359375 0.30187427968749997 0.64859935 0.31175769999999997 0.6786135640625 0.318410140625 0.6774222484375 0.34211518281250003 0.7443506531249999 0.3496920625 0.7533402890625001 0.3224712375 0.6742268 0.324806621875 0.66705208125 0.323156590625 0.6565444453125 0.31749927968749997 0.649327096875 0.3052418421875 0.60007920625 0.291351140625 0.573355278125 0.285491765625 0.5730823734375 0.27949219062499997 0.5802768953124999 0.2782011875 0.5883889859375 0.2852054359375 0.6165306359375
0 0.2676776046875 0.7148067078125 0.2751870109375 0.725587246875 0.28512537656250003 0.7288466312499999 0.287366303125 0.7227459234375 0.3603251625 0.7791693328125 0.362326953125 0.7744677375 0.2931692609375 0.7125170734374999 0.28781504375 0.69488305625 0.27239210625 0.687210865625 0.24595763750000002 0.6546873093750001 0.2247763578125 0.6432699921875 0.21881595156250003 0.6464693109375 0.213579528125 0.6583946671875001 0.213175403125 0.67228355625 0.2310733875 0.6957172 0.2676776046875 0.7148067078125
0 0.4276934921875 0.7222595671875001 0.4390081171875 0.736694265625 0.44869713593749994 0.7335420140625 0.501005834375 0.780931871875 0.5019713296874999 0.7767312265624999 0.45019979374999997 0.7253705218750001 0.44958199375 0.709371328125 0.43045486874999994 0.6945727578125 0.40977874375 0.665794328125 0.39435580625 0.6581221390625001 0.385213134375 0.669865559375 0.384809009375 0.6837544484375 0.4045590875 0.7107512812500001 0.4276934921875 0.7222595671875001