0 0.49919457187500005 0.5156621359375 0.5100074625000001 0.5274397875 0.5329455234375 0.5251383234375 0.5441972500000001 0.52798231875 0.548362103125 0.5209062906249999 0.5772030359375 0.527286459375 0.5704937359375 0.514908778125 0.550922084375 0.5086463796875 0.54500210625 0.49843432656250003 0.5339704015625 0.497136253125 0.523436928125 0.48529568906250004 0.5077917281250001 0.48236910312500003 0.4990531671875 0.49135658125 0.49919457187500005 0.5156621359375
0 0.530954665625 0.438143015625 0.5231803875 0.428916528125 0.4991663828125 0.43555942812500004 0.478191840625 0.431308840625 0.46065411718749993 0.43886712499999997 0.44899596875 0.4496930203125 0.444183859375 0.46201631093750006 0.4462379890625 0.4793092171875 0.45312442812500003 0.4877510546875 0.481434640625 0.4850259765625 0.5077109234375 0.4684802140625 0.5272421734375 0.46779816875 0.5349536703125 0.4501642390625 0.6208103671874999 0.43327434687500005 0.626649540625 0.4295975109375 0.6295287265625 0.420814646875 0.6265687375 0.415708621875 0.6187562375 0.415981440625 0.6031716390625 0.4234715203125 0.530954665625 0.438143015625
0 0.5616913968749999 0.34504270625 0.5690601140625 0.342598715625 0.573541028125 0.347191215625 0.6023123640625 0.35048461249999996 0.6035926796875 0.3279513078125 0.6005896140625 0.3268798828125 0.5853447968750001 0.3226229359375 0.568361996875 0.32468245625000003 0.561549990625 0.3207371515625 0.5576841421875 0.3278180046875 0.49457021250000005 0.32100001875 0.49357904843749995 0.3277995234375 0.55772454375 0.33476245 0.5616913968749999 0.34504270625
0 0.5718532171875 0.261240671875 0.57015168125 0.2750194078125 0.5275228546874999 0.2976146609375 0.5174962468750001 0.309573425 0.5311856500000001 0.3061693234375 0.5730667328125 0.285605703125 0.5794717984375 0.294745228125 0.5886917328125 0.285060065625 0.639371978125 0.26592563281250003 0.642271365625 0.26061499375 0.6421703609375 0.24325388281250002 0.6372370468749999 0.2347438375 0.619679121875 0.238829903125 0.5846192796875 0.260794871875 0.5718532171875 0.261240671875
0 0.45944206875000004 0.2305337921875 0.44975724687499996 0.24476370468750003 0.4108159515625 0.26696112968749997 0.3904596453125 0.293718946875 0.39058085 0.3145522796875 0.399440615625 0.3263981359375 0.40431332812500004 0.3244915140625 0.42863648593750003 0.30801395625 0.44993905468750006 0.2760137046875 0.46938950156250003 0.2614427703125 0.4702953609375 0.24925588906249999 0.4790137203125 0.236796190625 0.5256665125 0.1969648359375 0.5382507203125 0.1774242828125 0.5294717578125 0.179467315625 0.4701554984375 0.23682576093750002 0.45944206875000004 0.2305337921875
0 0.44470590468750004 0.3838572078125 0.39866663125 0.4032948390625 0.380971140625 0.4138420625 0.3829008546875 0.41849511406250006 0.40334044062499996 0.416372721875 0.4469698125 0.394352109375 0.451592809375 0.398698275 0.4604117078125 0.3972004578125 0.46623068125 0.3900514015625 0.507165503125 0.3747302140625 0.5170872421875 0.370671265625 0.5198103125 0.3656063296875 0.5143921328125 0.34343805625 0.4544109265625 0.3730995171875 0.44470590468750004 0.3838572078125
0 0.5408768234375 0.6288131703125 0.537864890625 0.638886471875 0.5478642671875 0.654616121875 0.5507838546875 0.6527777046875001 0.5720258203124999 0.6103607859375 0.575831065625 0.5928632656249999 0.5860520046875 0.5783487421875 0.582846940625 0.56729850625 0.6297711359375 0.46248131406250004 0.628744071875 0.45383486093750003 0.5796713890625 0.5613209453125 0.569810084375 0.5652901015625 0.5679175625 0.5757749734375001 0.5408768234375 0.6288131703125
0 0.42021796250000004 0.20412010781249998 0.426158140625 0.21780438281249997 0.43407883125 0.21632039062500003 0.4594016671875 0.223589346875 0.48283335625 0.2195794046875 0.4817110984375 0.196763328125 0.472871534375 0.18838969375 0.45167810625 0.18728963437499999 0.4344394796875 0.19104896093749998 0.42858417812500005 0.1880960921875 0.421515096875 0.194657640625 0.351757584375 0.1891461578125 0.348858196875 0.1944567984375 0.35181818593749997 0.199562825 0.42021796250000004 0.20412010781249998
0 0.24123749062500002 0.3319227109375 0.2139947453125 0.3502386875 0.19071885156249999 0.3788349203125 0.1820206921875 0.3947668421875 0.180168571875 0.41219615625 0.1870954125 0.427582440625 0.19784770000000002 0.4289434265625 0.2240835828125 0.40545321875000007 0.249211596875 0.3594276703125 0.26475579374999997 0.3449931453125 0.2719388359375 0.3353514015625 0.267860771875 0.32478770468749996 0.36841913593750003 0.20146985312500001 0.35865758593749997 0.200281296875 0.263507728125 0.316272875 0.2594296625 0.3057092 0.24123749062500002 0.3319227109375
0 0.3089141296875 0.4274167125 0.29598475468749996 0.4310485671875 0.267539225 0.43946470312499997 0.2537805328125 0.4441613578125 0.237892734375 0.44659723749999997 0.23713240937500002 0.465773778125 0.24206572343750002 0.474283821875 0.24498531093749998 0.47244540468749996 0.27132219687500003 0.4663163078125 0.29079284375 0.45521759531250006 0.30641784375 0.45467195781249997 0.3133367875 0.4439634953125 0.3668219625 0.4314917859375 0.3840777328125 0.42293622500000005 0.383374375 0.41899176406249994 0.3589933828125 0.4193055015625 0.3137087015625 0.43096065625 0.3089141296875 0.4274167125
0 0.43892096406250003 0.540173934375 0.3951710859375 0.5406181359375 0.37924909218749997 0.549370609375 0.3744369828125 0.5616938984375001 0.3764709109375 0.5755145828125 0.385310475 0.5838882171875001 0.41166756250000003 0.5812313437500001 0.439917171875 0.5680895984375 0.449702996875 0.5712207984375001 0.45532723124999996 0.55639651875 0.5257536671875 0.547727484375 0.532539103125 0.5388082125 0.5295791140625 0.5337021859375 0.45538056562499996 0.539766184375 0.4494807890625 0.533026353125 0.44193463125 0.534109015625 0.43892096406250003 0.540173934375
0 0.6369637640625 0.6914433671875 0.6549661062500001 0.7637461921875001 0.6677927234375 0.78587230625 0.6765716859375 0.783829275 0.6823704578124999 0.77320799375 0.676288875 0.7352181640625 0.649758028125 0.6792602578125 0.64850070625 0.659784140625 0.6367415546874999 0.653248921875 0.5968337484374999 0.5346504640624999 0.59285193125 0.5424224843750001 0.6330053515625 0.660762803125 0.6279803984375001 0.6738189484375 0.6369637640625 0.6914433671875
0 0.41378546875 0.777377796875 0.425564821875 0.7873852359375 0.46273479999999995 0.7965060140625 0.4706079015625 0.8066498640624999 0.47905541406249996 0.7971188609375 0.53489395625 0.8298211046875 0.5312153796875 0.8149521859375 0.48135932031250006 0.7843607828125 0.47821839375 0.771654821875 0.46828284375000007 0.7712946281249999 0.452746965625 0.75865259375 0.43309451093750007 0.73850130625 0.40963680937499997 0.7358475390625 0.4048045 0.7446986078125 0.40293217812500004 0.7586557 0.41378546875 0.777377796875
0 0.454660671875 0.6820148453125 0.4645306484375 0.696173084375 0.47221935937500004 0.6976784312500001 0.5160759609375 0.7665533453125 0.5164732843750001 0.76161859375 0.47450265937499997 0.687378421875 0.47547946718749995 0.672203146875 0.45658126250000003 0.6459875140625 0.44362216718749997 0.6154006734374999 0.426276453125 0.59972964375 0.418117090625 0.609234225 0.41819789375000005 0.6231231140625 0.43020968593750003 0.653343425 0.4434890578125 0.6657496953125001 0.454660671875 0.6820148453125