0 0.48368836093749995 0.5445328218750001 0.4941476890625 0.5569356265625001 0.5171293921875 0.5559695734375001 0.52828696875 0.559467278125 0.5326534125 0.5526359750000001 0.5612794671875 0.5606920703125 0.5549370140625001 0.547928203125 0.5355673984375 0.5405291640625001 0.5299504734375 0.52997611875 0.51896773125 0.5280366140625 0.5087893671875 0.5155871750000001 0.4932451828125 0.511751278125 0.48425407812500004 0.5202272671875 0.48368836093749995 0.5445328218750001
0 0.51767100625 0.468887878125 0.510172996875 0.4592121734375 0.4859901609375 0.4644555890625 0.4651605609375 0.458986053125 0.447420803125 0.4655213609375 0.43545960156249996 0.47566527187499996 0.4302939296875 0.4877044 0.431842971875 0.505110971875 0.4384768671875 0.513950634375 0.4668375875 0.5128736859374999 0.49356845156249995 0.4978623890625 0.5130997015625 0.498316984375 0.521316284375 0.4811377109375 0.607577053125 0.46924903906250004 0.6135172437499999 0.4659131953125 0.6166489734375 0.457300828125 0.6138405125 0.45202430624999995 0.6060280125 0.45184246874999995 0.590241378125 0.4584232359375 0.51767100625 0.468887878125
0 0.551084540625 0.37760747656250004 0.5585168640625 0.37559305468750004 0.56285964375 0.38044471875 0.5915059578124999 0.38541103906249996 0.5934404046874999 0.3629598546875 0.5904715546875 0.36171406250000004 0.5753660453125 0.35657155 0.5583405875 0.357642240625 0.551650259375 0.353301921875 0.547582375 0.360155446875 0.4847308703125 0.34966753437500003 0.48354293281249994 0.35640706718750004 0.5474207421874999 0.3670998921875 0.551084540625 0.37760747656250004
0 0.5636736046874999 0.294425065625 0.5615730125 0.308100134375 0.518330253125 0.3282074140625 0.507965984375 0.3395787421875 0.5217404984375 0.3369723 0.564177178125 0.31885245625 0.5703098953125 0.3283615625 0.579802178125 0.3192161328125 0.6309875125 0.3030369671875 0.634038425 0.2978968234375 0.634442509375 0.2805357125 0.6297617390625 0.2717415078125 0.612102796875 0.2748045953125 0.5764396671875 0.2947222 0.5636736046874999 0.294425065625
0 0.4522698140625 0.25718802812499997 0.442180921875 0.27084962031250004 0.4026335203125 0.29077376250000003 0.3815195828125 0.31633810625000003 0.38103468125 0.33717143906249997 0.389540884375 0.349528784375 0.39446410468750004 0.347906321875 0.41924184374999995 0.332849565625 0.4414535703125 0.30209962031250004 0.46130808749999996 0.28866532500000003 0.462567509375 0.276535278125 0.47163943125 0.2645870671875 0.5194034171874999 0.2274836515625 0.5325432218749999 0.208681915625 0.5237137515625 0.21021345937499997 0.4627893453125 0.2641012203125 0.4522698140625 0.25718802812499997
0 0.433088871875 0.40960213124999995 0.38653097812500004 0.42635442343749996 0.368546671875 0.435868478125 0.3703390828125 0.4406322328125 0.3908196421875 0.439699821875 0.4350452140625 0.42022520312499995 0.4395370984375 0.4248388828125 0.4483906046875 0.42385469374999996 0.4544116140625 0.41704662812500004 0.49575050625 0.4041123890625 0.5057802312499999 0.40063210156249995 0.5086478609375 0.3957273203125 0.5038799968750001 0.3732512984375 0.44309694843749997 0.3994127609375 0.433088871875 0.40960213124999995
0 0.2887126484375 0.6094767765625 0.30556342187499996 0.6411359125 0.315618665625 0.6708998265624999 0.32226237812499997 0.6695545218750001 0.346350115625 0.7358860218750001 0.353977209375 0.7446932640624999 0.326303796875 0.666266740625 0.3285968375 0.6590425375 0.3268861625 0.6485804109375 0.32118842187499996 0.6414995890624999 0.3086479828125 0.592570259375 0.294605671875 0.566187646875 0.288746296875 0.56605126875 0.2827901734375 0.5733805234375 0.2815466828125 0.5815171609374999 0.2887126484375 0.6094767765625
0 0.2717609296875 0.7080941640625 0.2793309796875 0.7186926687499999 0.289285603125 0.721718590625 0.2914904546875 0.7155698687500001 0.364757596875 0.7702574015625 0.3667315109375 0.7655124078125 0.29723237187499996 0.705212915625 0.29177708125 0.687715425 0.276313715625 0.6804073046875 0.24969731718750002 0.648520871875 0.22845539218750002 0.63760415 0.2225152 0.6409399953125 0.21734952812500002 0.6529791234375 0.2170262609375 0.6668680124999999 0.2350556390625 0.689869321875 0.2717609296875 0.7080941640625
0 0.522037028125 0.660070803125 0.5187351515625 0.669965446875 0.528266840625 0.6862715781250001 0.5312369359375 0.68460365625 0.5536911124999999 0.64343704375 0.558001446875 0.6261668515625 0.5686341921875 0.6122519390625001 0.565753803125 0.6010189593749999 0.615679171875 0.4989674953125 0.6149046515625 0.490264209375 0.5627553468750001 0.5948586546875 0.5527886078125 0.5982526953125 0.55059303125 0.608623903125 0.522037028125 0.660070803125
0 0.41385385 0.2285010609375 0.41938995781250005 0.242526328125 0.42734576718749995 0.241503696875 0.4524314484375 0.2502435828125 0.4759559734375 0.24759835156249999 0.4754985125 0.22472470156250002 0.4669114921875 0.215839578125 0.4457715890625 0.2135067671875 0.42844112343749996 0.21626180625 0.42267766093750003 0.21296925 0.415424903125 0.2191172703125 0.345898559375 0.20954886718750002 0.342847646875 0.2146890109375 0.3456561078125 0.219965534375 0.41385385 0.2285010609375
0 0.23133775937499998 0.345846565625 0.203589925 0.36257124375 0.179505890625 0.3898035078125 0.1703531515625 0.405223940625 0.1679959421875 0.42253959218750003 0.174468203125 0.43832370000000004 0.1851699828125 0.44030983749999997 0.2120624796875 0.4183540953125 0.238503725 0.37380618125 0.25445199218750003 0.36028096875000004 0.2619081890625 0.351060428125 0.258141534375 0.340263028125 0.3621847265625 0.2228378296875 0.3524676625 0.22108170781249997 0.2540405859375 0.331497803125 0.2502739296875 0.32070042499999996 0.23133775937499998 0.345846565625
0 0.29616800468750004 0.445245953125 0.2831461234375 0.44812429375 0.254484684375 0.4548824984375 0.24060335624999998 0.458777025 0.2246608421875 0.4602876625 0.22334349687500002 0.47941347187499994 0.2280242671875 0.4882076765625 0.23099436406249998 0.4865397546875 0.25748277656249996 0.4819451234375 0.27725647656249996 0.47198305312500005 0.29288147656249996 0.47234672812499995 0.300104871875 0.4620444640625 0.3538984859375 0.45268896875 0.37138558593750004 0.44514031718749997 0.370797675 0.4411562671875 0.346432321875 0.4400513109375 0.30085462343749997 0.449067665625 0.29616800468750004 0.445245953125
0 0.42276299531249995 0.56552935 0.37904463593750004 0.56342785 0.3628842296875 0.5712509515625 0.3577185578125 0.58329008125 0.35934841562500003 0.5972244296875 0.3679354359375 0.6061095515625 0.39434303125 0.6049871437500001 0.422946203125 0.593493528125 0.4326310109375 0.59719305 0.43868072812500003 0.5827010296874999 0.5092877875 0.5781326359375 0.5163257671875 0.5696111890625 0.5135173046875 0.564334665625 0.4392177390625 0.566079428125 0.433519996875 0.5589986046875 0.4259500140625 0.5596418328125 0.42276299531249995 0.56552935
0 0.6162046328125 0.7282705421875 0.6320856046875 0.8015963421875 0.64425560625 0.824461275 0.6530850781249999 0.82292973125 0.659186903125 0.8126494421875 0.6542165140625 0.7743186203125 0.6293402734375 0.7168359796875 0.6286507359375 0.6972932984375 0.61709361875 0.690076096875 0.58067604375 0.5691957796875 0.5764722046874999 0.576733490625 0.6131426531249999 0.6973700453125 0.6077430359375 0.7101293984375 0.6162046328125 0.7282705421875
0 0.390753440625 0.8011904296875001 0.402229740625 0.811879853125 0.439096665625 0.8231602499999999 0.44666671406249997 0.8337587546874999 0.455382875 0.824722490625 0.510213484375 0.8606625859375001 0.5069711390625 0.8455846656249999 0.4580555390625 0.8121027828124999 0.4552873828125 0.7992183703125 0.44537240312500004 0.7982802062500001 0.430220025 0.784738509375 0.41117367656250003 0.7634505796875 0.38781699375 0.75943284375 0.3827321390625 0.7679997515625 0.380455746875 0.7818431796875001 0.390753440625 0.8011904296875001
0 0.4343609640625 0.7082380500000001 0.44380909218750003 0.722965771875 0.4514462078125 0.724917971875 0.49325488437500004 0.7963213328125 0.4937953421875 0.7914113703125001 0.45402678593749995 0.7147543015625 0.45544400625000003 0.6996409984375 0.43732753750000003 0.6723346609374999 0.425271290625 0.6410041609375 0.40839902187500005 0.6243291890625 0.399971484375 0.6333558078125 0.3996482171875 0.647244696875 0.4107687859375 0.6781536734375 0.4236738046875 0.69132839375 0.4343609640625 0.7082380500000001