0 0.6437869765625 0.6786937234375 0.6351772765625 0.6781661328124999 0.59309075 0.5562274421875 0.58932658125 0.5599927124999999 0.5923459421875 0.5726743875 0.6289426734375 0.680803925 0.6244893828125 0.69610310625 0.634765625 0.7170138890625 0.6456439984375 0.7702936 0.6621290281250001 0.810718553125 0.6721848921875 0.8110115046875 0.6791086 0.7998799859375 0.6729233609375 0.7624387859375 0.6484375 0.706597221875 0.6437869765625 0.6786937234375
0 0.5478515625 0.527777778125 0.5419921875 0.5173611109375 0.5309702734374999 0.51567814375 0.5205078125 0.503472221875 0.5048828125 0.5 0.49609375 0.5086805562500001 0.49609375 0.5329861109375 0.5068359375 0.5451388890625 0.529782725 0.54363874375 0.541015625 0.546875 0.545220790625 0.5399458203124999 0.5740187531250001 0.5473316359375 0.5673828125 0.534722221875 0.5478515625 0.527777778125
0 0.6181640625 0.4548611109375 0.6240234375 0.4513888890625 0.626953125 0.4427083328125 0.6240234375 0.4375 0.6162109375 0.4375 0.6005859375 0.44444444375 0.52829829375 0.45659159843749997 0.5205792609375 0.44709555625 0.49653149531249996 0.452898690625 0.4755859375 0.4479166671875 0.4580078125 0.4548611109375 0.4462890625 0.46527777812500004 0.44140625 0.47743055625 0.443359375 0.4947916671875 0.4501953125 0.503472221875 0.478515625 0.5017361109375 0.5048828125 0.4861111109375 0.5244140625 0.4861111109375 0.5322265625 0.46875 0.6181640625 0.4548611109375
0 0.5663579859375 0.3444601125 0.5595703125 0.34027777812500004 0.5556640625 0.34722222187499996 0.49154268593749995 0.34129476875 0.4909489234375 0.348680575 0.5556640625 0.3541666671875 0.5595703125 0.3645833328125 0.5669517500000001 0.36239710625 0.571405040625 0.36714511875 0.599609375 0.36631944375000003 0.6015625 0.3489583328125 0.5986328125 0.34375 0.5830078125 0.34027777812500004 0.5663579859375 0.3444601125
0 0.6376953125 0.28819444375000003 0.640625 0.2829861109375 0.640625 0.265625 0.6357421875 0.25694444375000003 0.6181640625 0.2604166671875 0.582983578125 0.28115310625 0.570217515625 0.28115310625 0.5684361796874999 0.2948696359375 0.5256845828125 0.3159719703125 0.515590453125 0.32757824062499996 0.529296875 0.32465277812500004 0.5712890625 0.30555555624999997 0.577639665625 0.31491685 0.5869140625 0.30555555624999997 0.6376953125 0.28819444375000003
0 0.46875 0.265625 0.4775390625 0.25347222187499996 0.5244140625 0.215277778125 0.537109375 0.19618055625 0.5283203125 0.1979166671875 0.46868246718749995 0.2531925140625 0.4580078125 0.246527778125 0.4482421875 0.2604166671875 0.4091796875 0.28125 0.388671875 0.3072916671875 0.388671875 0.328125 0.3974609375 0.34027777812500004 0.40234375 0.3385416671875 0.4267578125 0.3229166671875 0.4482421875 0.2916666671875 0.4677734375 0.27777777812500004 0.46875 0.265625
0 0.3212890625 0.47222222187499996 0.3642578125 0.4479166671875 0.3798828125 0.43402777812500004 0.3828125 0.42534722187499996 0.3173828125 0.46180555625 0.3037109375 0.46180555625 0.2939453125 0.47222222187499996 0.2861328125 0.47222222187499996 0.2490234375 0.49652777812500004 0.2421875 0.5052083328125 0.2421875 0.519097221875 0.2470703125 0.527777778125 0.25 0.5260416671875 0.2822265625 0.5069444437499999 0.2998046875 0.4895833328125 0.3076171875 0.4895833328125 0.3212890625 0.47222222187499996
0 0.4892578125 0.40277777812500004 0.5048828125 0.3923611109375 0.5146484375 0.3923611109375 0.517578125 0.38368055624999997 0.5107421875 0.3645833328125 0.4521484375 0.3888888890625 0.4423828125 0.39930555624999997 0.3955078125 0.41319444375 0.380859375 0.42534722187499996 0.400390625 0.42534722187499996 0.4326171875 0.41319444375 0.4580078125 0.41319444375 0.4638671875 0.40625 0.4892578125 0.40277777812500004
0 0.452858421875 0.56979453125 0.5263671875 0.5555555562500001 0.529296875 0.546875 0.4638671875 0.5555555562500001 0.452858421875 0.5587158015625 0.4462890625 0.5486111109375 0.435935925 0.55660556875 0.38694972656250004 0.560298471875 0.373046875 0.5711805562500001 0.37109375 0.5850694437499999 0.3759765625 0.6006944437499999 0.3984375 0.6024305562500001 0.415747665625 0.59247955625 0.4384765625 0.5833333328125 0.4443359375 0.5868055562500001 0.452858421875 0.56979453125
0 0.4604443640625 0.8107934734375 0.43715169375 0.7946948171875 0.4327051328125 0.79220340625 0.42653153593750004 0.7882164609375 0.40242974531250003 0.787133390625 0.396167346875 0.800347221875 0.39608935 0.8122018125 0.401050159375 0.8229166671874999 0.418628284375 0.8368055562500001 0.453784534375 0.8368055562500001 0.46805284374999995 0.8448752765625 0.474868775 0.8367069078125 0.5192515453125 0.853325309375 0.535102534375 0.853325309375 0.5219462078125 0.8420586 0.475661325 0.8254401984375 0.4707475078125 0.8105118109375 0.4604443640625 0.8107934734375
0 0.3359375 0.6336805562500001 0.322265625 0.5850694437499999 0.3076171875 0.559027778125 0.3017578125 0.559027778125 0.2959754125 0.56649161875 0.294921875 0.574652778125 0.302734375 0.6024305562500001 0.3203125 0.6336805562500001 0.3310546875 0.6631944437499999 0.3376635078125 0.6616953171875 0.36328125 0.7274305562500001 0.37110909375 0.7360556046875 0.34162625625 0.6583153015625001 0.34375 0.6510416671875 0.341796875 0.640625 0.3359375 0.6336805562500001
0 0.2646484375 0.6423611109375 0.2431640625 0.6319444437499999 0.2373046875 0.6354166671875 0.232421875 0.6475694437499999 0.232421875 0.6614583328125 0.2509765625 0.684027778125 0.2880859375 0.7013888890625 0.2958984375 0.7118055562500001 0.30591806250000003 0.71459826875 0.307978684375 0.7084015859374999 0.382478334375 0.76135511875 0.3843407984375 0.7565667765625 0.3134765625 0.6979166671875 0.3076171875 0.6805555562500001 0.2919921875 0.6736111109375 0.2646484375 0.6423611109375
0 0.45005495 0.6736111109375 0.428570575 0.6458333328125 0.412945575 0.6388888890625 0.4041565125 0.6510416671875 0.4041565125 0.6649305562500001 0.424664325 0.690972221875 0.448101825 0.7013888890625 0.459820575 0.715277778125 0.469404884375 0.7116791296875 0.5230198265625 0.7565718312499999 0.5238619546875001 0.7523319640625 0.47066806406249995 0.7034488046875 0.4695862 0.6875 0.45005495 0.6736111109375
0 0.5794287765624999 0.5875326046875 0.626953125 0.484375 0.6259765625 0.47569444375 0.5762886390624999 0.5814453875 0.56640625 0.5850694437499999 0.564453125 0.5954861109375 0.537109375 0.6475694437499999 0.5340394609375 0.657535540625 0.5439453125 0.6736111109375 0.546875 0.671875 0.568359375 0.6302083328125 0.572265625 0.612847221875 0.5825689140625 0.598692496875 0.5794287765624999 0.5875326046875
0 0.43323997031249994 0.206178034375 0.427403034375 0.20302133437499997 0.42029722343750003 0.20933474375 0.3505859375 0.20138888906250002 0.34765625 0.206597221875 0.3505859375 0.21180555625 0.4189453125 0.21875 0.4248046875 0.23263888906250002 0.4327324 0.23143173906249997 0.4580078125 0.23958333281250002 0.48145806562500004 0.236392290625 0.48046875 0.21354166718749998 0.4716796875 0.20486111093749998 0.45049696250000004 0.20302133437499997 0.43323997031249994 0.206178034375
0 0.269932978125 0.34477766875000004 0.26591718750000004 0.33407373749999997 0.3671724234375 0.214291796875 0.35741976875 0.21276267031249999 0.26161455624999996 0.32540865625 0.25759876406250004 0.314704746875 0.2392578125 0.34027777812500004 0.2119140625 0.3576388890625 0.1884765625 0.3854166671875 0.1796875 0.4010416671875 0.177734375 0.41840277812500004 0.1845703125 0.43402777812500004 0.1953125 0.4357638890625 0.2216796875 0.41319444375 0.2470703125 0.36805555624999997 0.2626953125 0.3541666671875 0.269932978125 0.34477766875000004