0 0.47126952343750006 0.5445328218750001 0.48144568593750003 0.5569356265625001 0.50446234375 0.5559695734375001 0.5155445125 0.559467278125 0.520072409375 0.5526359750000001 0.548526371875 0.5606920703125 0.542477725 0.547928203125 0.5232699171874999 0.5405291640625001 0.51789570625 0.52997611875 0.5069521781249999 0.5280366140625 0.4970582171875 0.5155871750000001 0.4815949375 0.511751278125 0.472401571875 0.5202272671875 0.47126952343750006 0.5445328218750001
0 0.5070321984375 0.468887878125 0.49975545 0.4592121734375 0.4754374 0.4644555890625 0.4547238828125 0.458986053125 0.436822315625 0.4655213609375 0.4246184015625 0.47566527187499996 0.41916956406250006 0.4877044 0.4203140828125 0.505110971875 0.4267457171875 0.513950634375 0.455146890625 0.5128736859374999 0.4822418234375 0.4978623890625 0.5017730734375 0.498316984375 0.5103941796875 0.4811377109375 0.596978565625 0.46924903906250004 0.6029996625 0.4659131953125 0.606333653125 0.457300828125 0.6036465468750001 0.45202430624999995 0.5958340468750001 0.45184246874999995 0.5798856046875 0.4584232359375 0.5070321984375 0.468887878125
0 0.5425895703125 0.37760747656250004 0.5500728328125 0.37559305468750004 0.5543049812499999 0.38044471875 0.5825477734375 0.38027550625 0.5853095046875 0.3629598546875 0.5826223984375 0.35768333281250003 0.5671591203124999 0.3538474359375 0.5503144984375 0.357642240625 0.5437216203124999 0.353301921875 0.539491928125 0.360155446875 0.4756466265625 0.3527355515625 0.4747088640625 0.3601075375 0.539168484375 0.3670998921875 0.5425895703125 0.37760747656250004
0 0.5571226 0.294425065625 0.55470240625 0.308100134375 0.5109679515625001 0.3282074140625 0.5003332515625 0.3395787421875 0.514175928125 0.3369723 0.5570575843750001 0.31885245625 0.562972178125 0.3283615625 0.5726825843750001 0.3192161328125 0.624272440625 0.3030369671875 0.627444709375 0.2978968234375 0.6282533171875 0.2805357125 0.6237748078124999 0.2717415078125 0.6060349609375 0.2748045953125 0.5698886625 0.2947222 0.5571226 0.294425065625
0 0.44652559687500004 0.25718802812499997 0.4361130859375 0.27084962031250004 0.3960802578125 0.29077376250000003 0.3743595359375 0.31633810625000003 0.37338920781249996 0.33717143906249997 0.38161224531250004 0.349528784375 0.38657591875 0.347906321875 0.4117177265625 0.332849565625 0.43465759375 0.30209962031250004 0.4548357296875 0.28866532500000003 0.45637831718750005 0.276535278125 0.4657334046875 0.2645870671875 0.5143873390625 0.2274836515625 0.5279721187499999 0.208681915625 0.5191021953125 0.21021345937499997 0.4568898359375 0.2641012203125 0.44652559687500004 0.25718802812499997
0 0.42378485781249997 0.40960213124999995 0.376262971875 0.42239999062500005 0.361048509375 0.43421182187499996 0.380579759375 0.4346664171875 0.413372346875 0.4232637203125 0.438762971875 0.42385469374999996 0.44494578906250004 0.41704662812500004 0.4704981359375 0.41416537968749995 0.4866083 0.4041123890625 0.496373925 0.4043396859375 0.499707915625 0.3957273203125 0.4937614453125 0.3764709890625 0.43403564687499996 0.3994127609375 0.42378485781249997 0.40960213124999995
0 0.2746757203125 0.6094767765625 0.290798353125 0.6411359125 0.300165909375 0.6708998265624999 0.30684455312500003 0.6695545218750001 0.3294006265625 0.7358860218750001 0.336826753125 0.7446932640624999 0.310964728125 0.666266740625 0.313427246875 0.6590425375 0.3119592859375 0.6485804109375 0.306423353125 0.6414995890624999 0.295015578125 0.592570259375 0.28158004999999997 0.566187646875 0.27572067499999997 0.56605126875 0.26959064062500004 0.5733805234375 0.2681569921875 0.5815171609374999 0.2746757203125 0.6094767765625
0 0.255418225 0.7080941640625 0.2627455609375 0.7186926687499999 0.2726351125 0.721718590625 0.27498435 0.7155698687500001 0.34701765 0.7702574015625 0.349103134375 0.7655124078125 0.280970571875 0.705212915625 0.275919803125 0.687715425 0.2606182453125 0.6804073046875 0.23472998750000001 0.648520871875 0.2137307765625 0.63760415 0.20770968124999997 0.6409399953125 0.20226084375000003 0.6529791234375 0.20161395781250002 0.6668680124999999 0.21911745625 0.689869321875 0.255418225 0.7080941640625
0 0.50694834375 0.660070803125 0.5034142515625 0.669965446875 0.5125713703125 0.6862715781250001 0.5155819187499999 0.68460365625 0.53900695 0.64343704375 0.54372180625 0.6261668515625 0.5546843625 0.6122519390625001 0.55206400625 0.6010189593749999 0.6043929968749999 0.4989674953125 0.6038207375 0.490264209375 0.549207384375 0.5948586546875 0.539156203125 0.5982526953125 0.5367179140625 0.608623903125 0.50694834375 0.660070803125
0 0.40875686718750004 0.2285010609375 0.4139693578125 0.242526328125 0.42195329375 0.241503696875 0.4468490390625 0.2502435828125 0.47044791718749995 0.24759835156249999 0.47052288750000004 0.22472470156250002 0.462138128125 0.215839578125 0.4410410921875 0.2135067671875 0.4236370734375 0.21626180625 0.4179471640625 0.21296925 0.41054730156249997 0.2191172703125 0.3412061 0.20954886718750002 0.3380338296875 0.2146890109375 0.34072093593749997 0.219965534375 0.40875686718750004 0.2285010609375
0 0.22340912031250001 0.345846565625 0.1952567640625 0.36257124375 0.1705254921875 0.3898035078125 0.161008684375 0.405223940625 0.15824695312499998 0.42253959218750003 0.16435514375 0.43832370000000004 0.1750164703125 0.44030983749999997 0.202434846875 0.4183540953125 0.22992785 0.37380618125 0.24619973437499998 0.36028096875000004 0.2538747 0.351060428125 0.250357453125 0.340263028125 0.35719162187500003 0.2228378296875 0.3475101875 0.22108170781249997 0.24645840468750002 0.331497803125 0.2429411546875 0.32070042499999996 0.22340912031250001 0.345846565625
0 0.28595970625 0.445245953125 0.272863734375 0.44812429375 0.24402937656249998 0.4548824984375 0.22968779218750002 0.46144731875 0.21406349374999997 0.4602876625 0.21230003593750002 0.47941347187499994 0.21677854531250002 0.4882076765625 0.21978909375 0.4865397546875 0.24639886249999998 0.4819451234375 0.26641527656249997 0.47198305312500005 0.28204027656249997 0.47234672812499995 0.28950750468750003 0.4620444640625 0.3435481453125 0.45268896875 0.361220515625 0.44514031718749997 0.3607250671875 0.4411562671875 0.336372240625 0.4400513109375 0.290559865625 0.449067665625 0.28595970625 0.445245953125
0 0.40982217031249996 0.56552935 0.366129053125 0.56342785 0.3497777046875 0.5712509515625 0.3443288671875 0.58329008125 0.34563510625 0.5972244296875 0.354019865625 0.6061095515625 0.38046791406249997 0.6049871437500001 0.4093542515625 0.593493528125 0.4189581546875 0.59719305 0.4253486390625 0.5827010296874999 0.4961003578125 0.5781326359375 0.5033405984375 0.5696111890625 0.50065349375 0.564334665625 0.426273021875 0.566079428125 0.42073708906249996 0.5589986046875 0.4131480234375 0.5596418328125 0.40982217031249996 0.56552935
0 0.40091980312500003 0.6906248328125 0.41231511093749995 0.697842034375 0.42517837812500003 0.7155213609375 0.42680806093749996 0.722511265625 0.43657368593749996 0.7227385640625 0.48195630156249997 0.7803076796874999 0.48314935937500003 0.7776241109375001 0.4400693984375 0.7106539749999999 0.43786745624999995 0.6949607859375 0.43037840000000005 0.6878345015625 0.40139249843749997 0.6384960390625001 0.393879828125 0.6336770734375 0.3859292203125 0.6346601421875 0.38275695 0.6398002843749999 0.38015693906250003 0.6536437140625 0.3898479390625 0.6764631875 0.40091980312500003 0.6906248328125
0 0.5995787625 0.7282705421875 0.6137607390625 0.8015963421875 0.6254048625 0.824461275 0.6342747859375 0.82292973125 0.6406193250000001 0.8126494421875 0.6365388859375 0.7743186203125 0.6129878093750001 0.7168359796875 0.6127530046875 0.6972932984375 0.601357696875 0.690076096875 0.567735428125 0.5691957796875 0.5633537734375 0.576733490625 0.5972347296875 0.6973700453125 0.5915350484374999 0.7101293984375 0.5995787625 0.7282705421875
0 0.3723072203125 0.8011904296875001 0.38354080625 0.811879853125 0.42016501718750005 0.8231602499999999 0.427492353125 0.8337587546874999 0.4364236734375 0.824722490625 0.490447034375 0.8606625859375001 0.4875540640625 0.8455846656249999 0.439391671875 0.8121027828124999 0.43692206562499997 0.7992183703125 0.427023559375 0.7982802062500001 0.4121783265625 0.784738509375 0.3936174046875 0.7634505796875 0.3703416265625 0.75943284375 0.36505451093749997 0.7679997515625 0.3624545 0.7818431796875001 0.3723072203125 0.8011904296875001