0 0.22462698906249998 0.608605409375 0.2116344390625 0.6331837234375 0.165050540625 0.6845537828125 0.15698466875 0.6992761375 0.1726810703125 0.6878441671875 0.21926496874999998 0.6364741078125 0.23525391093749998 0.6291659875 0.24379429687499998 0.6150952609375 0.2877421625 0.56835258125 0.288970984375 0.5533539921874999 0.2863142546875 0.5482138484375 0.2769895 0.5522079625 0.2516553578125 0.5767644359374999 0.2388447796875 0.597870528125 0.22462698906249998 0.608605409375
0 0.317988765625 0.6324422921874999 0.317078909375 0.649803403125 0.3215067921875 0.6583703109375 0.3341111203125 0.659810934375 0.345332515625 0.631805859375 0.34624237343750003 0.6144447484375 0.3555106453125 0.5864851328125 0.3546493484375 0.565697259375 0.3640995921875 0.5342654203125 0.3635779578125 0.52560759375 0.3487899734375 0.5658336375 0.3382964625 0.5799498234375 0.335615453125 0.593884171875 0.317988765625 0.6324422921874999
0 0.1849825515625 0.2297835921875 0.1253332609375 0.3629554421875 0.1199955203125 0.371749646875 0.1104118671875 0.368504721875 0.0915356609375 0.41229390625000006 0.0684135421875 0.4440439609375 0.052921953125 0.4790843984375 0.047923875 0.50000865 0.0511022390625 0.5138066203125 0.059436371875000005 0.522282609375 0.0683164203125 0.520341928125 0.098207771875 0.471094384375 0.11015705312499999 0.42920042187499996 0.12955489375 0.39406906249999996 0.1265585 0.376798871875 0.12887556875 0.3698089671875 0.1922491375 0.24001842031249998 0.1990183703125 0.22252093125 0.19636163906249998 0.21738078593750002 0.19245538906249998 0.21747170468750002 0.1849825515625 0.2297835921875
0 0.29485490468750003 0.254970178125 0.289808265625 0.3140434171875 0.29421186875 0.3416848140625 0.291482296875 0.3937681484375 0.29893085468749997 0.4005307546875 0.292197909375 0.5290029765625001 0.29360512031249997 0.539374184375 0.29751137031249997 0.5392832656250001 0.3009202671875 0.511460028125 0.30283710468749997 0.4004398359375 0.31314864375 0.389795871875 0.31069816562499997 0.36210901406249996 0.31892316875 0.31683374531249997 0.32074288281249996 0.2821115234375 0.3165212515625 0.250997903125 0.3101402421875 0.2424764546875 0.3042808671875 0.24261283281249998 0.29485490468750003 0.254970178125
0 0.16474743125 0.5042255265625 0.122045503125 0.574579159375 0.1214995875 0.5849958265625 0.125927471875 0.5935627328125 0.13267242343750002 0.5951397359375 0.160428678125 0.5494098734375 0.16737988125 0.5284401625 0.1821435859375 0.5072886125 0.1850065671875 0.48988204218750003 0.22593734375 0.4161016453125 0.23252460468749997 0.402076378125 0.2320029703125 0.39341855312499996 0.1784435875 0.484832815625 0.16831401875000002 0.49200455937500004 0.16474743125 0.5042255265625
0 0.3724702796875 0.3745431984375 0.371560421875 0.391904309375 0.3647911890625 0.40940180000000004 0.3542491171875 0.4616669703125 0.3584950296875 0.47370609999999996 0.369328203125 0.4717199609375 0.3818234 0.4194093296875 0.3830972 0.395103775 0.38754936406249996 0.3845961890625 0.3841890296875 0.3742704421875 0.38491691562499997 0.360381553125 0.4077722125 0.259277971875 0.40761452187499997 0.2436757015625 0.4044118765625 0.24895222499999997 0.380646721875 0.367416915625 0.3724702796875 0.3745431984375
0 0.4352008109375 0.3314672875 0.430748646875 0.3419748734375 0.4267938359375 0.3802147765625 0.4102104171875 0.43608855 0.40966450312499997 0.44650521562499995 0.41357075312499997 0.446414296875 0.43015417187500005 0.39054052499999997 0.4307000859375 0.3801238578125 0.437651290625 0.359154146875 0.44369263593749997 0.3555455453125 0.4675912015625 0.27175761718749997 0.4727712515625 0.24736114374999998 0.46657221406250005 0.23536747343750003 0.457692165625 0.2373081515625 0.44342581562500005 0.2861920203125 0.4352008109375 0.3314672875
0 0.4778106828125 0.40415936406249997 0.4788108078125 0.4102256125 0.4860914890625 0.4026420984375 0.53666430625 0.3475153203125 0.5424410140625 0.351044740625 0.5587938984374999 0.33679217499999997 0.577463853125 0.31554970625 0.579077315625 0.30337420000000004 0.5728782781249999 0.2913805296875 0.5606136140625 0.3020699515625 0.5376734671875 0.330347784375 0.535903546875 0.34191193593749997 0.4778106828125 0.40415936406249997
0 0.6187337281249999 0.5144667984375 0.60037915625 0.56691380625 0.5983774703125 0.6051082515624999 0.6047584796875001 0.6136296984375 0.6116854015625 0.6117344796874999 0.6273589625 0.57322181875 0.636493825 0.510585440625 0.6430810859375 0.49656017343750003 0.64063060625 0.4688733140625 0.6700731656250001 0.35374446718749997 0.66955153125 0.345086640625 0.6620786937500001 0.357398528125 0.6372702718750001 0.458547565625 0.6242777203125 0.4831258796875 0.6187337281249999 0.5144667984375
0 0.5359745921875 0.5302649859375 0.537381803125 0.5406361921875 0.5262938171875 0.6033180296875 0.52556593125 0.61720691875 0.5282226609375 0.6223470640625 0.5388738625 0.6238331484375 0.5433260265625 0.6133255609375 0.553188775 0.53680029375 0.5537346890625 0.526383628125 0.5486032 0.5126311171875 0.5665089796875 0.3943028046875 0.5642161921875 0.38221821562499997 0.560831575 0.3909669609375 0.5473779609375 0.49878768906250004 0.54469695 0.5127220375 0.5359745921875 0.5302649859375
0 0.6800789203125001 0.5790455375 0.6636433296875001 0.662544946875 0.655284915625 0.6731434515625 0.6541930875 0.693976784375 0.6376096687499999 0.7498505578125 0.63506206875 0.79846166875 0.641443078125 0.806983115625 0.64837 0.805087896875 0.6594094265625 0.78055504375 0.664771446875 0.752686346875 0.6669551046875 0.71101968125 0.6698180875 0.693613109375 0.6740882796875 0.6865777453125 0.6746341953125 0.676161078125 0.6695027046875001 0.66240856875 0.6879058375 0.5718125749999999 0.6856130515625 0.5597279859375 0.6800789203125001 0.5790455375
0 0.3910671265625 0.68969715 0.364354140625 0.7527426640625 0.3605813015625 0.7875103453125 0.36500918437499996 0.796077253125 0.37388923281249997 0.794136571875 0.39151591875 0.7555784531249999 0.40437505937499996 0.696323378125 0.4129154453125 0.68225265 0.4122361203125 0.6579925546875 0.4466281953125 0.560088440625 0.45074069687499996 0.5374508062500001 0.44344983125 0.5462904703125 0.4086938125 0.651139028125 0.3962471765625 0.665300675 0.3910671265625 0.68969715
0 0.4582012625 0.6742626390625001 0.43185221875 0.73036370625 0.426490196875 0.7582324046875 0.42896495625000003 0.7668447703125 0.43748106093750005 0.7718485359375 0.452244765625 0.7506969875 0.46114909375 0.7296818140625 0.46882818437499996 0.6948232140624999 0.47950366562499996 0.67723480625 0.4805954953125 0.6564014734375 0.5117606453125 0.5828483734375001 0.5133741078125 0.570672865625 0.474918090625 0.6530656296874999 0.4699442921875 0.6549153890625 0.4582012625 0.6742626390625001
0 0.452244765625 0.7506969875 0.435345965625 0.7753662171875 0.42839476093749995 0.7963359296875 0.42748490468749994 0.813697040625 0.43191278750000006 0.8222639468749999 0.4368865859375 0.8204141875 0.45165029062500006 0.7992626390625001 0.4680517375 0.7468610890625 0.4765921234375 0.7327903625000001 0.4744701421875 0.7195570250000001 0.5088491015625001 0.6384039296874999 0.5104625640625 0.6262284218749999 0.498719534375 0.6455756703125 0.469989771875 0.7145086359375 0.46401207656250004 0.71227524375 0.452244765625 0.7506969875
0 0.506277221875 0.7060895328125001 0.500417846875 0.7062259109375 0.4883108734375 0.7325176046874999 0.45646639687499996 0.7818106078125 0.447198125 0.809770225 0.44842336562499996 0.823613653125 0.45480437343749996 0.8321351 0.46173129687500003 0.83023988125 0.48521735781249997 0.79154538125 0.496802696875 0.7565958625 0.5096132765625 0.7354897734375 0.5128402015625 0.71113875625 0.56072218125 0.6163886484375001 0.5651743453125 0.6058810640625001 0.5646527109374999 0.5972232375 0.5573618453125 0.6060629015625 0.5222904453125 0.67970691875 0.506277221875 0.7060895328125001
0 0.131871696875 0.6662521031249999 0.1286690515625 0.671528625 0.128305109375 0.6784730703124999 0.136457271875 0.6904212796875 0.2041341890625 0.7612322390624999 0.202351521875 0.783989509375 0.2145366890625 0.7878995796875 0.2403245671875 0.8301912 0.256992834375 0.8471431765625 0.26959716093749997 0.8485837999999999 0.2777736046875 0.8414575171875001 0.2827716828125 0.8205332656250001 0.27144115625 0.794787084375 0.251226209375 0.778308784375 0.22579408281250002 0.7607281 0.22237416250000003 0.7471782375 0.2081186265625 0.7527521421875 0.198180825 0.7410044499999999 0.14646284062499998 0.6870882765624999 0.131871696875 0.6662521031249999