0 0.6289426734375 0.655176475 0.6244893828125 0.6706571140625 0.634765625 0.691149171875 0.642578125 0.7463863921875 0.6591796875 0.7856404859375 0.66796875 0.7835462484375 0.673828125 0.7728908296875 0.669921875 0.738327775 0.6484375 0.68017541875 0.6437869765625 0.6524614140625 0.6351772765625 0.6522846421875 0.603515625 0.5292280671875 0.5986328125 0.52421869375 0.595703125 0.5295464015625 0.59765625 0.539883484375 0.6289426734375 0.655176475
0 0.49609375 0.5127718390625 0.5068359375 0.5244869078125001 0.529782725 0.5220517515624999 0.541015625 0.524830303125 0.545220790625 0.5177297750000001 0.5740187531250001 0.5239421640625 0.5673828125 0.51160314375 0.5478515625 0.5054545375 0.5419921875 0.495276621875 0.5309702734374999 0.4940427625 0.5205078125 0.482263153125 0.5048828125 0.47942760156249997 0.49609375 0.488466284375 0.49609375 0.5127718390625
0 0.52829829375 0.4350650921875 0.5205792609375 0.42588357656250003 0.49653149531249996 0.4326665828125 0.4755859375 0.42853802500000004 0.4580078125 0.43619872343750005 0.4462890625 0.44709289218750004 0.44140625 0.4594446296875 0.443359375 0.47672615625 0.4501953125 0.48512816875000003 0.478515625 0.48223809375000004 0.5048828125 0.4655387125 0.5244140625 0.46474287500000006 0.5322265625 0.44706342968749996 0.6181640625 0.42967285625 0.6240234375 0.4259618828125 0.626953125 0.41716195 0.6240234375 0.41207299375 0.6162109375 0.412391328125 0.6005859375 0.41997244218749996 0.52829829375 0.4350650921875
0 0.5595703125 0.34178258906250003 0.5669517500000001 0.3392955921875 0.571405040625 0.343862146875 0.599609375 0.341887234375 0.6015625 0.3244465390625 0.5986328125 0.31935758281250004 0.5830078125 0.3165220296875 0.5663579859375 0.32138279375 0.5595703125 0.317477034375 0.5556640625 0.324580646875 0.49154268593749995 0.3212659390625 0.4909489234375 0.3286759390625 0.5556640625 0.33152509218750004 0.5595703125 0.34178258906250003
0 0.570217515625 0.2579185234375 0.5684361796874999 0.2717076359375 0.5256845828125 0.294551965625 0.515590453125 0.3065695390625 0.529296875 0.3030855828125 0.5712890625 0.28227731093749997 0.577639665625 0.29137983749999996 0.5869140625 0.281640640625 0.6376953125 0.2622103515625 0.640625 0.2568826421875 0.640625 0.23952153125 0.6357421875 0.23103993437499998 0.6181640625 0.2352284125 0.582983578125 0.2573983453125 0.570217515625 0.2579185234375
0 0.4580078125 0.22786539062500002 0.4482421875 0.242152196875 0.4091796875 0.2645772046875 0.388671875 0.29145450156249997 0.388671875 0.312287834375 0.3974609375 0.3240824859375 0.40234375 0.32214741562500004 0.4267578125 0.30552761875 0.4482421875 0.273402196875 0.4677734375 0.258717471875 0.46875 0.2465249015625 0.4775390625 0.234013996875 0.5244140625 0.1939095421875 0.537109375 0.1742950265625 0.5283203125 0.1763892640625 0.46868246718749995 0.2340951671875 0.4580078125 0.22786539062500002
0 0.2939453125 0.46024486875 0.2861328125 0.460563203125 0.2490234375 0.48638085000000003 0.2421875 0.49533994843749996 0.2421875 0.5092288375 0.2470703125 0.517710434375 0.25 0.5158549484375 0.2822265625 0.49544459218750003 0.2998046875 0.477367228125 0.3076171875 0.47704889218749996 0.3212890625 0.45913069531249995 0.3642578125 0.4330742984375 0.3798828125 0.4185487390625 0.3828125 0.4097488078125 0.3173828125 0.448873196875 0.3037109375 0.449430284375 0.2939453125 0.46024486875
0 0.4423828125 0.3812798375 0.3955078125 0.3970787359375 0.380859375 0.4098283921875 0.400390625 0.40903255468750005 0.4326171875 0.39556664375 0.4580078125 0.39453205625 0.4638671875 0.3873488609375 0.4892578125 0.38284205 0.5048828125 0.3717887125 0.5146484375 0.37139079375 0.517578125 0.3625908640625 0.5107421875 0.3437721828125 0.4521484375 0.3704652515625 0.4423828125 0.3812798375
0 0.435935925 0.5388425406249999 0.38694972656250004 0.5445314781249999 0.373046875 0.5559800609375001 0.37109375 0.5699485328125 0.3759765625 0.5853745734375 0.3984375 0.586195471875 0.415747665625 0.5755391375000001 0.4384765625 0.5654667812499999 0.4443359375 0.5687002546875 0.452858421875 0.5513419640625 0.5263671875 0.5341077375000001 0.529296875 0.5253078046875 0.4638671875 0.5366544171875 0.452858421875 0.540263234375 0.4462890625 0.530426225 0.435935925 0.5388425406249999
0 0.39608935 0.7960624078125 0.401050159375 0.806575125 0.418628284375 0.8197477609374999 0.453784534375 0.818315253125 0.46805284374999995 0.8258035843749999 0.474868775 0.8173574875 0.5192515453125 0.8321674296875001 0.535102534375 0.8315215515625001 0.5219462078125 0.820790921875 0.475661325 0.806058484375 0.4707475078125 0.7913303203125001 0.4604443640625 0.792031803125 0.43715169375 0.77688225 0.4327051328125 0.7745720234375 0.42653153593750004 0.7708366328125 0.40242974531250003 0.770735634375 0.396167346875 0.7842046390624999 0.39608935 0.7960624078125
0 0.302734375 0.590095075 0.3203125 0.620628821875 0.3310546875 0.6497049984375 0.3376635078125 0.6479365828125 0.36328125 0.7126279796875 0.37110909375 0.7209340671875 0.34162625625 0.6443950984375 0.34375 0.6370349281250001 0.341796875 0.6266978453125 0.3359375 0.6199921515625 0.322265625 0.5719381265625 0.3076171875 0.5464933375000001 0.3017578125 0.5467320890625 0.2959754125 0.5544315453124999 0.294921875 0.5626356328125001 0.302734375 0.590095075
0 0.2880859375 0.6896502859375 0.2958984375 0.6997486187499999 0.30591806250000003 0.7021330625 0.307978684375 0.695852415625 0.382478334375 0.7457703203125 0.3843407984375 0.7409060890625 0.3134765625 0.6851434765625 0.3076171875 0.668021115625 0.2919921875 0.661713340625 0.2646484375 0.6315775140625 0.2431640625 0.6220362671874999 0.2373046875 0.6257472421875 0.232421875 0.638098978125 0.232421875 0.6519878671875 0.2509765625 0.6738012671875 0.2880859375 0.6896502859375
0 0.448101825 0.6831301390625 0.459820575 0.696541525 0.469404884375 0.692552346875 0.5230198265625 0.73526040625 0.5238619546875001 0.730986225 0.47066806406249995 0.68427055 0.4695862 0.668365828125 0.45005495 0.6552727765624999 0.428570575 0.6283704203125 0.412945575 0.622062646875 0.4041565125 0.6345735515625 0.4041565125 0.648462440625 0.424664325 0.6736684765625001 0.448101825 0.6831301390625
0 0.537109375 0.6256839140625 0.5340394609375 0.6357751 0.5439453125 0.6514470375 0.546875 0.6495915515624999 0.568359375 0.6070494625 0.572265625 0.589529184375 0.5825689140625 0.5749546328124999 0.5794287765624999 0.563922690625 0.626953125 0.45882861718749995 0.6259765625 0.450187853125 0.5762886390624999 0.557963425 0.56640625 0.5619901578125 0.564453125 0.5724864078125 0.537109375 0.6256839140625
0 0.4189453125 0.2016792859375 0.4248046875 0.21532942500000002 0.4327324 0.2137992453125 0.4580078125 0.2209209453125 0.48145806562500004 0.216774378125 0.48046875 0.193964065625 0.4716796875 0.1856416359375 0.45049696250000004 0.1846649890625 0.43323997031249994 0.1885248578125 0.427403034375 0.1856059953125 0.42029722343750003 0.19220894375 0.3505859375 0.18710360625 0.34765625 0.192431315625 0.3505859375 0.1975202734375 0.4189453125 0.2016792859375
0 0.2392578125 0.33052876875 0.2119140625 0.349004053125 0.1884765625 0.3777368359375 0.1796875 0.39371996249999996 0.177734375 0.41116065781250005 0.1845703125 0.4265071140625 0.1953125 0.4278055140625 0.2216796875 0.4041616890625 0.2470703125 0.3579882125 0.2626953125 0.343462653125 0.269932978125 0.3337787421875 0.26591718750000004 0.3232384421875 0.3671724234375 0.1993306671875 0.35741976875 0.19819893125000002 0.26161455624999996 0.3147486796875 0.25759876406250004 0.3042084015625 0.2392578125 0.33052876875