0 0.6001809265625 0.7033696984375 0.6097269484375001 0.72440005625 0.618744753125 0.7778063484375 0.6338181125 0.818423121875 0.6438637468749999 0.818833084375 0.651176175 0.8077821296875 0.6462984125 0.7702689578124999 0.6237625812500001 0.7141424749999999 0.6200864687500001 0.6861848625 0.6114951937499999 0.6855570890625 0.5736668593750001 0.563128678125 0.5697712046875 0.5668501484374999 0.5723477124999999 0.57956695625 0.6051684765625 0.6881223359375 0.6001809265625 0.7033696984375
0 0.47748146562500005 0.5387586843750001 0.48779926875 0.551036459375 0.5107984421875 0.5498033234374999 0.5219183296875001 0.5531702875 0.5263654671875 0.5462900390625001 0.5549055109375 0.5540109484375 0.5487099015625 0.54132431875 0.52942115625 0.5341526078125 0.5239255390625 0.5236677609375 0.5129623953125 0.5218565421875 0.502926175 0.509528878125 0.48742242812500003 0.50587484375 0.4783302328125 0.5144531296875 0.47748146562500005 0.5387586843750001
0 0.5123537640625 0.46273890624999997 0.504966340625 0.45315304375 0.480715925 0.4586763578125 0.45994434218749997 0.4534506109375 0.44212371250000004 0.4601905140625 0.43004120468749996 0.47047082187499994 0.42473400781250004 0.4825667828125 0.42608086875 0.4999506203125 0.432613675 0.50871071875 0.46099461406250003 0.50730414375 0.4879074390625 0.4919859546875 0.5074386890625 0.4922132203125 0.5158574515625001 0.4749430171875 0.6022799625 0.46205410156250004 0.608260590625 0.45865005937500003 0.611493409375 0.45000359218749997 0.6087456015625 0.4447611703125 0.6009331015625 0.44467026406250004 0.5850655953125 0.45143289375 0.5123537640625 0.46273890624999997
0 0.54683878125 0.3710945234375 0.5542965640624999 0.3689941875 0.55858405 0.37379401875 0.58681721875 0.37329653125 0.58937660625 0.355958146875 0.5866287984375 0.3507157234375 0.57112505 0.3470616875 0.5543291734375 0.35105028437499997 0.54768755 0.34678896875 0.5435387953124999 0.353687959375 0.47962440937500006 0.3470143859375 0.47877272968750006 0.3543932828125 0.5432962906250001 0.3606324046875 0.54683878125 0.3710945234375
0 0.5603994328125 0.2877881875 0.5581391046874999 0.30148398906249996 0.5146505984374999 0.32208886406250004 0.50415116875 0.333577678125 0.5179597499999999 0.3308117046875 0.560618828125 0.31220310625000003 0.5666425265624999 0.3216382953125 0.576243828125 0.3123849203125 0.627631340625 0.2956147 0.6307429078125 0.2904404578125 0.6313491703125 0.273079346875 0.6267694890625 0.2643419734375 0.6090701125 0.2676096578125 0.5731654953125 0.287936734375 0.5603994328125 0.2877881875
0 0.44939887343749996 0.25185718125 0.4391482375 0.2656324375 0.3993582203125 0.2860112375 0.3779410140625 0.3118142734375 0.377213496875 0.33264760625 0.38557817499999997 0.3449026546875 0.39052161406249997 0.3432233609375 0.41548131406250005 0.32788244375 0.4380569625 0.2968824375 0.45807322343749995 0.283220815625 0.4594741703125 0.27107939999999997 0.4686876171875 0.2590288921875 0.516896396875 0.2213798875 0.5302585984375 0.20243038906250002 0.5214089109375 0.20406423125 0.45984078906250003 0.258646128125 0.44939887343749996 0.25185718125
0 0.2774549484375 0.4756425859375 0.2696424484375 0.475551678125 0.23168430468749998 0.499425428125 0.22454523593750003 0.5080264390625 0.22406022499999997 0.521915328125 0.22863990625000002 0.5306527015625 0.23163022031249997 0.52895068125 0.26452367187500003 0.510228446875 0.2827080609375 0.49307187656250007 0.2905205609375 0.49316278281250003 0.3047986984375 0.4759607578125 0.3486162171875 0.452155190625 0.364726228125 0.43844811406249995 0.3679590484375 0.4298016484375 0.3012562078125 0.4654986390625 0.2875843328125 0.465339553125 0.2774549484375 0.4756425859375
0 0.42843875468750003 0.404453146875 0.3810787453125 0.41779659375 0.3660059234375 0.429778921875 0.3855371734375 0.4300061890625 0.4181881203125 0.4182284 0.4435787453125 0.418523846875 0.44968062499999994 0.4116475828125 0.475192503125 0.4084708078125 0.4911812609375 0.3982359546875 0.5009468859374999 0.3983495875 0.5041797046875 0.3897031234375 0.49801065624999996 0.37052635624999997 0.4385681375 0.3941501125 0.42843875468750003 0.404453146875
0 0.4164988296875 0.5616781421875 0.3673836734375 0.5648010390625 0.3531008109375 0.57552135 0.35066267500000003 0.5893875109375 0.35499985 0.6050693265625 0.3774001609375 0.607066796875 0.3950578234375 0.59731721875 0.41810611406250003 0.5884354703125 0.4238442359375 0.5919758734375 0.4329607578125 0.575064015625 0.506966759375 0.56168039375 0.5101995796875001 0.5530339265625 0.444466759375 0.5609531390625 0.43334763593750003 0.5639852859375 0.42713114062499996 0.5538041546875 0.4164988296875 0.5616781421875
0 0.3677266375 0.8168107296875 0.3723132765625 0.8275833078125 0.389406390625 0.8416767374999999 0.42456264062500004 0.8420858171875001 0.4385491484375 0.8503215640624999 0.4456503265625 0.84223250625 0.48945276875 0.8593673484375 0.5053037578125 0.8595517906250001 0.49254087343749997 0.84813199375 0.44683631874999996 0.83097501875 0.4424438109375 0.8159894546875 0.43213083281250003 0.816151228125 0.40940033906249995 0.7997815375 0.40504077968749996 0.7972383859375001 0.3990064109375 0.7931796046875 0.3749424421875 0.791816084375 0.36821860625 0.804957046875 0.3677266375 0.8168107296875
0 0.2816970359375 0.6059531890625001 0.2981838875 0.6374077296875 0.3078954265625 0.6670466140625 0.3145565984375 0.6656243875000001 0.337878815625 0.731657715625 0.34540546562499996 0.74037385 0.3186373796875 0.6622904828125 0.3210151234375 0.6550415609375 0.31942575781250004 0.6446021671875 0.3138088875 0.6375895421875 0.30183455000000003 0.58881934375 0.2880955078125 0.562607228125 0.2822361328125 0.5625390484375 0.2761930890625 0.5699356046874999 0.2748545578125 0.5780845046875001 0.2816970359375 0.6059531890625001
0 0.2635928984375 0.704741071875 0.2710416390625 0.715248646875 0.28096374062499996 0.7181579484375 0.28324075625 0.7119852421874999 0.355891228125 0.7658056578125 0.3579209046875 0.7610389859375 0.289104775 0.701564296875 0.2838516640625 0.68413500625 0.26846916875 0.677008746875 0.24221669375000002 0.6454405750000001 0.2210960765625 0.6347739140625 0.21511544843750002 0.6381779578125 0.2098082515625 0.6502739171874999 0.209323240625 0.66416280625 0.2270897859375 0.6869481546875 0.2635928984375 0.704741071875
0 0.4236087859375 0.7066030265625 0.434842525 0.7206282749999999 0.4445525015625 0.71714115 0.49659975625 0.7626577171875 0.49758994375 0.75842765 0.44610309062500003 0.7089255234375 0.4455781703125 0.6929641296875 0.42653193125 0.6788479749999999 0.406017578125 0.650820203125 0.3906350828125 0.6436939453125 0.3814216359375 0.6557444546875 0.3809366265625 0.6696333437499999 0.40053504375 0.6959136390625 0.4236087859375 0.7066030265625
0 0.5144957515625 0.6538192765625 0.5110778140625001 0.663749653125 0.52042229375 0.6799404874999999 0.5234126078125 0.6782384671874999 0.546352015625 0.6368217921875 0.550864528125 0.6195061359375 0.5616621109375 0.6054712999999999 0.5589116859375001 0.59427486875 0.6100383765624999 0.49167025937500003 0.609364946875 0.482978340625 0.55598411875 0.5881511125000001 0.5459751749999999 0.5916601765625 0.5436582921875 0.6020541171875 0.5144957515625 0.6538192765625
0 0.41130639375 0.22362487031249997 0.41668075781249997 0.23758193906249997 0.42465062500000006 0.2364670359375 0.44964137812500005 0.2449127359375 0.47320306562500003 0.2419945625 0.47301171093749994 0.2191324265625 0.4645257796875 0.21034960156250002 0.44340730156249997 0.208263340625 0.42604007499999996 0.2112192375 0.4203133734375 0.20799461875 0.41298709375 0.21422534531249998 0.34355328281249997 0.205468325 0.34044171562500003 0.21064256874999998 0.343189525 0.21588499218749999 0.41130639375 0.22362487031249997
0 0.22737504999999997 0.34306179531250003 0.1994250375 0.3601047328125 0.175017515625 0.387609790625 0.165682815625 0.4031325203125 0.163123428125 0.42047090468750004 0.169413728125 0.4361754484375 0.1800952890625 0.43803655625 0.20725062031250002 0.4157739203125 0.23421752968749998 0.37093047968750004 0.25032754062499996 0.357223403125 0.2578930765625 0.3479186234375 0.254251075 0.3371679640625 0.35968918906249997 0.218564234375 0.3499899328125 0.21692162656249997 0.2502510359375 0.32845281718749997 0.2466090328125 0.31770217968750003 0.22737504999999997 0.34306179531250003