0 0.6437869765625 0.6786937234375 0.6351772765625 0.6781661328124999 0.603515625 0.5538194437499999 0.5986328125 0.5486111109375 0.595703125 0.5538194437499999 0.59765625 0.5642361109375 0.6289426734375 0.680803925 0.6244893828125 0.69610310625 0.634765625 0.7170138890625 0.642578125 0.7725694437499999 0.6591796875 0.8125 0.66796875 0.8107638890625 0.673828125 0.800347221875 0.669921875 0.765625 0.6484375 0.706597221875 0.6437869765625 0.6786937234375
0 0.5796595921875001 0.5890087562499999 0.6171875 0.47743055625 0.6162109375 0.46875 0.5760969453125 0.582150503125 0.56640625 0.5885416671875 0.5625 0.605902778125 0.54296875 0.6510416671875 0.5390625 0.668402778125 0.5419921875 0.6770833328125 0.55078125 0.6822916671875 0.55859375 0.668402778125 0.57421875 0.612847221875 0.580078125 0.605902778125 0.5796595921875001 0.5890087562499999
0 0.5478515625 0.527777778125 0.5419921875 0.5173611109375 0.5309702734374999 0.51567814375 0.5205078125 0.503472221875 0.5048828125 0.5 0.49609375 0.5086805562500001 0.49609375 0.5329861109375 0.5068359375 0.5451388890625 0.529782725 0.54363874375 0.541015625 0.546875 0.545220790625 0.5399458203124999 0.5740187531250001 0.5473316359375 0.5673828125 0.534722221875 0.5478515625 0.527777778125
0 0.6181640625 0.4548611109375 0.6240234375 0.4513888890625 0.626953125 0.4427083328125 0.6240234375 0.4375 0.6162109375 0.4375 0.6005859375 0.44444444375 0.52829829375 0.45659159843749997 0.5205792609375 0.44709555625 0.49653149531249996 0.452898690625 0.4755859375 0.4479166671875 0.4580078125 0.4548611109375 0.4462890625 0.46527777812500004 0.44140625 0.47743055625 0.443359375 0.4947916671875 0.4501953125 0.503472221875 0.478515625 0.5017361109375 0.5048828125 0.4861111109375 0.5244140625 0.4861111109375 0.5322265625 0.46875 0.6181640625 0.4548611109375
0 0.5663579859375 0.3444601125 0.5595703125 0.34027777812500004 0.5556640625 0.34722222187499996 0.49154268593749995 0.34129476875 0.4909489234375 0.348680575 0.5556640625 0.3541666671875 0.5595703125 0.3645833328125 0.5669517500000001 0.36239710625 0.571405040625 0.36714511875 0.599609375 0.36631944375000003 0.6015625 0.3489583328125 0.5986328125 0.34375 0.5830078125 0.34027777812500004 0.5663579859375 0.3444601125
0 0.6376953125 0.28819444375000003 0.640625 0.2829861109375 0.640625 0.265625 0.6357421875 0.25694444375000003 0.6181640625 0.2604166671875 0.582983578125 0.28115310625 0.570217515625 0.28115310625 0.5684361796874999 0.2948696359375 0.5256845828125 0.3159719703125 0.515590453125 0.32757824062499996 0.529296875 0.32465277812500004 0.5712890625 0.30555555624999997 0.577639665625 0.31491685 0.5869140625 0.30555555624999997 0.6376953125 0.28819444375000003
0 0.46875 0.265625 0.4775390625 0.25347222187499996 0.5244140625 0.215277778125 0.537109375 0.19618055625 0.5283203125 0.1979166671875 0.46868246718749995 0.2531925140625 0.4580078125 0.246527778125 0.4482421875 0.2604166671875 0.4091796875 0.28125 0.388671875 0.3072916671875 0.388671875 0.328125 0.3974609375 0.34027777812500004 0.40234375 0.3385416671875 0.4267578125 0.3229166671875 0.4482421875 0.2916666671875 0.4677734375 0.27777777812500004 0.46875 0.265625
0 0.4287109375 0.20486111093749998 0.4228515625 0.21180555625 0.3742628328125 0.216363075 0.3515625 0.21701388906250002 0.3487306375 0.22480399218749997 0.4228515625 0.222222221875 0.4306640625 0.23611111093749998 0.43482759375 0.2316622453125 0.4490781109375 0.2353551578125 0.48046875 0.234375 0.484375 0.230902778125 0.484375 0.21006944375 0.4775390625 0.20138888906250002 0.4287109375 0.20486111093749998
0 0.28125 0.36631944375000003 0.279296875 0.35590277812500004 0.2919921875 0.3333333328125 0.3662109375 0.23611111093749998 0.369140625 0.22395833281250002 0.3583984375 0.22569444375 0.2763671875 0.34375 0.2646484375 0.34027777812500004 0.2509765625 0.3645833328125 0.2158203125 0.3958333328125 0.2041015625 0.41319444375 0.193359375 0.4357638890625 0.193359375 0.44965277812500004 0.2021484375 0.46527777812500004 0.21484375 0.4635416671875 0.2353515625 0.44097222187499996 0.2626953125 0.3888888890625 0.2763671875 0.375 0.28125 0.36631944375000003
0 0.3212890625 0.47222222187499996 0.3642578125 0.4479166671875 0.3798828125 0.43402777812500004 0.3828125 0.42534722187499996 0.3173828125 0.46180555625 0.3037109375 0.46180555625 0.2939453125 0.47222222187499996 0.2861328125 0.47222222187499996 0.2490234375 0.49652777812500004 0.2421875 0.5052083328125 0.2421875 0.519097221875 0.2470703125 0.527777778125 0.25 0.5260416671875 0.2822265625 0.5069444437499999 0.2998046875 0.4895833328125 0.3076171875 0.4895833328125 0.3212890625 0.47222222187499996
0 0.4892578125 0.40277777812500004 0.5048828125 0.3923611109375 0.5146484375 0.3923611109375 0.517578125 0.38368055624999997 0.5107421875 0.3645833328125 0.4521484375 0.3888888890625 0.4423828125 0.39930555624999997 0.3955078125 0.41319444375 0.380859375 0.42534722187499996 0.400390625 0.42534722187499996 0.4326171875 0.41319444375 0.4580078125 0.41319444375 0.4638671875 0.40625 0.4892578125 0.40277777812500004
0 0.452858421875 0.56979453125 0.5263671875 0.5555555562500001 0.529296875 0.546875 0.4638671875 0.5555555562500001 0.452858421875 0.5587158015625 0.4462890625 0.5486111109375 0.435935925 0.55660556875 0.38694972656250004 0.560298471875 0.373046875 0.5711805562500001 0.37109375 0.5850694437499999 0.3759765625 0.6006944437499999 0.3984375 0.6024305562500001 0.415747665625 0.59247955625 0.4384765625 0.5833333328125 0.4443359375 0.5868055562500001 0.452858421875 0.56979453125
0 0.5048828125 0.777777778125 0.4853515625 0.75 0.4658203125 0.7361111109375 0.4560546875 0.7361111109375 0.453125 0.7413194437499999 0.451171875 0.762152778125 0.4658203125 0.784722221875 0.48640655625000007 0.7982273 0.5009765625 0.8055555562500001 0.5126953125 0.8229166671874999 0.5224609375 0.815972221875 0.5693359375 0.8645833328125001 0.57421875 0.862847221875 0.57421875 0.855902778125 0.5263671875 0.8055555562500001 0.5205078125 0.7881944437499999 0.5048828125 0.777777778125
0 0.4855158890625 0.72067623125 0.486328125 0.7170138890625 0.4258417953125 0.7264793671875001 0.4160445453125 0.71645576875 0.40327845937499995 0.7243691437499999 0.37626183125 0.7201486609375001 0.3603515625 0.7291666671875 0.353515625 0.7447916671875 0.3583984375 0.7638888890625 0.3747774015625 0.76710140625 0.38671875 0.762152778125 0.4052734375 0.75 0.4228515625 0.75 0.4273262265625 0.7375581046875 0.4855158890625 0.72067623125
0 0.333984375 0.5954861109375 0.333984375 0.5572916671875 0.3271484375 0.5381944437499999 0.3212890625 0.5381944437499999 0.31640625 0.546875 0.3125 0.5711805562500001 0.31640625 0.6163194437499999 0.314453125 0.6545138890625 0.32133791093749997 0.6600070171875 0.31985348125 0.7655186953124999 0.3237129859375 0.764991125 0.324603653125 0.6615896875 0.33203125 0.6510416671875 0.330078125 0.6163194437499999 0.333984375 0.5954861109375
0 0.2607421875 0.65625 0.2412109375 0.6388888890625 0.2333984375 0.6423611109375 0.228515625 0.6510416671875 0.227280078125 0.67035564375 0.2431640625 0.6944444437499999 0.2724609375 0.715277778125 0.2861328125 0.7361111109375 0.2937274984375 0.7386132062499999 0.295805690625 0.7328101109375 0.363198840625 0.8093060578125 0.3671875 0.8038194437499999 0.3005558875 0.7270069375 0.3020403171875 0.7117077765625 0.2841796875 0.6944444437499999 0.2607421875 0.65625