0 0.48368836093749995 0.5127718390625 0.4941476890625 0.5244869078125001 0.5171293921875 0.5220517515624999 0.52828696875 0.524830303125 0.5326534125 0.5177297750000001 0.5612794671875 0.5239421640625 0.5549370140625001 0.51160314375 0.5355673984375 0.5054545375 0.5299504734375 0.495276621875 0.51896773125 0.4940427625 0.5087893671875 0.482263153125 0.4932451828125 0.47942760156249997 0.48425407812500004 0.488466284375 0.48368836093749995 0.5127718390625
0 0.551084540625 0.34178258906250003 0.5585168640625 0.3392955921875 0.56285964375 0.343862146875 0.5915059578124999 0.346988065625 0.5934404046874999 0.3244465390625 0.5904715546875 0.32339257187500003 0.5753660453125 0.31922428125 0.5583405875 0.32138279375 0.551650259375 0.317477034375 0.547582375 0.324580646875 0.4847308703125 0.3181300625 0.48354293281249994 0.324935571875 0.5474207421874999 0.33152509218750004 0.551084540625 0.34178258906250003
0 0.5636736046874999 0.2579185234375 0.5615730125 0.2717076359375 0.518330253125 0.294551965625 0.507965984375 0.3065695390625 0.5217404984375 0.3030855828125 0.564177178125 0.28227731093749997 0.5703098953125 0.29137983749999996 0.579802178125 0.281640640625 0.6309875125 0.2622103515625 0.634038425 0.2568826421875 0.634442509375 0.23952153125 0.6297617390625 0.23103993437499998 0.612102796875 0.2352284125 0.5764396671875 0.2573983453125 0.5636736046874999 0.2579185234375
0 0.433088871875 0.3812798375 0.38653097812500004 0.400986303125 0.368546671875 0.4116369578125 0.3703390828125 0.41627892656250004 0.3908196421875 0.41403740468750005 0.4350452140625 0.3917619078125 0.4395370984375 0.3960812921875 0.4483906046875 0.39453205625 0.4544116140625 0.3873488609375 0.49575050625 0.3717887125 0.5057802312499999 0.36767183281250004 0.5086478609375 0.3625908640625 0.5038799968750001 0.3404534 0.44309694843749997 0.3704652515625 0.433088871875 0.3812798375
0 0.522037028125 0.6256839140625 0.5187351515625 0.6357751 0.528266840625 0.6514470375 0.5312369359375 0.6495915515624999 0.5536911124999999 0.6070494625 0.558001446875 0.589529184375 0.5686341921875 0.5749546328124999 0.565753803125 0.563922690625 0.615679171875 0.45882861718749995 0.6149046515625 0.450187853125 0.5627553468750001 0.557963425 0.5527886078125 0.5619901578125 0.55059303125 0.5724864078125 0.522037028125 0.6256839140625
0 0.23133775937499998 0.33052876875 0.203589925 0.349004053125 0.179505890625 0.3777368359375 0.1703531515625 0.39371996249999996 0.1679959421875 0.41116065781250005 0.174468203125 0.4265071140625 0.1851699828125 0.4278055140625 0.2120624796875 0.4041616890625 0.238503725 0.3579882125 0.25445199218750003 0.343462653125 0.2619081890625 0.3337787421875 0.258141534375 0.3232384421875 0.3621847265625 0.1993306671875 0.3524676625 0.19819893125000002 0.2540405859375 0.3147486796875 0.2502739296875 0.3042084015625 0.23133775937499998 0.33052876875
0 0.29616800468750004 0.425631796875 0.2831461234375 0.42933908593750003 0.254484684375 0.4379212 0.24060335624999998 0.44269815625 0.2246608421875 0.445226665625 0.22334349687500002 0.46440828281249996 0.2280242671875 0.47288987968749996 0.23099436406249998 0.47103439375 0.25748277656249996 0.464751678125 0.27725647656249996 0.45353917499999996 0.29288147656249996 0.45290250624999995 0.300104871875 0.442153378125 0.3538984859375 0.4293696984375 0.37138558593750004 0.4207133328125 0.370797675 0.41677283750000005 0.346432321875 0.417228603125 0.30085462343749997 0.42914793125 0.29616800468750004 0.425631796875
0 0.42276299531249995 0.5376355578124999 0.37904463593750004 0.5383346140625 0.3628842296875 0.5471801296875001 0.3577185578125 0.5595318671875 0.35934841562500003 0.573341171875 0.3679354359375 0.5816636 0.39434303125 0.5788531078125 0.422946203125 0.565546365625 0.4326310109375 0.5686206703125001 0.43868072812500003 0.5537631265625 0.5092877875 0.5446835703125 0.5163257671875 0.5357244718749999 0.5135173046875 0.5306355140625 0.4392177390625 0.53713191875 0.433519996875 0.530426225 0.4259500140625 0.5315528796875 0.42276299531249995 0.5376355578124999
0 0.6162046328125 0.687756534375 0.6320856046875 0.7599569453125 0.64425560625 0.782009096875 0.6530850781249999 0.779914859375 0.659186903125 0.769259440625 0.6542165140625 0.7313037484375 0.6293402734375 0.6754984859375 0.6286507359375 0.65602903125 0.61709361875 0.6495620890625 0.58067604375 0.5311920703124999 0.5764722046874999 0.5389875484375 0.6131426531249999 0.6570979859375 0.6077430359375 0.6701838453125 0.6162046328125 0.687756534375
0 0.4343609640625 0.6793895937500001 0.44380909218750003 0.6934908203125 0.4514462078125 0.6949514328124999 0.49325488437500004 0.7635732187500001 0.4937953421875 0.7586359859375 0.45402678593749995 0.6846377734375 0.45544400625000003 0.6694562937499999 0.43732753750000003 0.6433498531249999 0.425271290625 0.6128374625 0.40839902187500005 0.5972669390625 0.399971484375 0.6068193703125 0.3996482171875 0.620708259375 0.4107687859375 0.6508596265625 0.4236738046875 0.6631889656250001 0.4343609640625 0.6793895937500001
0 0.410594134375 0.1740606765625 0.3537492625 0.18857918437500001 0.3427668296875 0.1959035375 0.3436221671875 0.2010720796875 0.3544047625 0.19889825781249998 0.40253918437499997 0.184795678125 0.41425793437499997 0.184318175 0.41800255000000003 0.1911034515625 0.46308605937499997 0.1823285828125 0.4740302890625 0.173210315625 0.47443437343749995 0.15584920468750002 0.47170672812500003 0.147288025 0.4446856375 0.1546603171875 0.41864908593749994 0.163325675 0.410594134375 0.1740606765625