0 0.47748146562500005 0.5214394 0.48779926875 0.5333421515625 0.5107984421875 0.5313079140625 0.5219183296875001 0.534282721875 0.5263654671875 0.527255665625 0.5549055109375 0.5339712015625 0.5487099015625 0.521516240625 0.52942115625 0.5150263921875 0.5239255390625 0.504746103125 0.5129623953125 0.5033196734375001 0.502926175 0.49135726875 0.48742242812500003 0.48824872187499996 0.4783302328125 0.4971338453125 0.47748146562500005 0.5214394
0 0.54683878125 0.3515591890625 0.5542965640624999 0.3492011578125 0.55858405 0.35384551875 0.587180321875 0.35747368281249997 0.58937660625 0.33495681093749996 0.5864214515625 0.33385049375000003 0.5713717046875 0.3294163375 0.5543291734375 0.331277984375 0.54768755 0.327253634375 0.5435387953124999 0.334288996875 0.48079233437499996 0.32673662812500004 0.47952563281250005 0.3335241328125 0.5432962906250001 0.34123344218749996 0.54683878125 0.3515591890625
0 0.5603994328125 0.26788114687500003 0.5581391046874999 0.28163913749999997 0.5146505984374999 0.3037365265625 0.50415116875 0.3155777390625 0.5179597499999999 0.31233325624999997 0.560618828125 0.29225865624999997 0.5666425265624999 0.3014721375 0.576243828125 0.2918949796875 0.627631340625 0.2733519203125 0.6307429078125 0.2680753984375 0.6313491703125 0.2507142875 0.6267694890625 0.2421473796875 0.6090701125 0.2460287390625 0.5731654953125 0.2675840125 0.5603994328125 0.26788114687500003
0 0.42843875468750003 0.38900898125 0.38167326562500004 0.40790925468749994 0.36357335 0.41824973125 0.3653108 0.4229249359375 0.3858077609375 0.42104066875 0.4302719828125 0.39952953125 0.434711384375 0.4039292296875 0.4435787453125 0.40253419375000005 0.44968062499999994 0.395453371875 0.4911812609375 0.3806098328125 0.5012542109375 0.3766666796875 0.5041797046875 0.37163379218750003 0.49967215156250006 0.34940393593749997 0.4385681375 0.37836501718750004 0.42843875468750003 0.38900898125
0 0.5144957515625 0.6350680843750001 0.5110778140625001 0.645105634375 0.52042229375 0.66095064375 0.5234126078125 0.65914634375 0.546352015625 0.616979621875 0.550864528125 0.5995275921875 0.5616621109375 0.5851330546875 0.5589116859375001 0.57404625 0.6100383765624999 0.4697825046875 0.609364946875 0.461124678125 0.55598411875 0.5680321203124999 0.5459751749999999 0.5718861921875 0.5436582921875 0.58234831875 0.5144957515625 0.6350680843750001
0 0.22737504999999997 0.334708990625 0.1994250375 0.352706534375 0.175017515625 0.3810298265625 0.165682815625 0.39685939375 0.163123428125 0.41426596406250005 0.169413728125 0.42973185625 0.1800952890625 0.431217940625 0.20725062031250002 0.4080347921875 0.23421752968749998 0.36230493125 0.25032754062499996 0.34805236562499997 0.2578930765625 0.338494909375 0.254251075 0.327884446875 0.35968918906249997 0.2057457640625 0.3499899328125 0.20444363281250003 0.2502510359375 0.319319509375 0.2466090328125 0.30870906875 0.22737504999999997 0.334708990625
0 0.2910659296875 0.43098449375000003 0.27800701875 0.43446556249999996 0.24925915468749998 0.44254993281250005 0.23532873593749998 0.44708607499999997 0.21936432031250003 0.44933680625 0.21782401093749998 0.46850319375 0.22240369062499998 0.47707010156249996 0.22539400468749998 0.47526580156250003 0.251943071875 0.4694437640625 0.2718380796875 0.458572503125 0.2874630796875 0.45820882812499997 0.294808340625 0.4475816484375 0.34872541875 0.43573351875000005 0.366305115625 0.42737944843750003 0.3657634171875 0.42342706718749995 0.341404325 0.42345691093750004 0.2957093359375 0.43458401875 0.2910659296875 0.43098449375000003
0 0.4162952125 0.545247765625 0.37258946875 0.54518255 0.35633362968750004 0.5537490484375 0.3510264328125 0.566015475 0.352494546875 0.5798589046875 0.360980478125 0.5883348921875 0.3874082921875 0.585985078125 0.41615298906250003 0.5731731375 0.4257973609375 0.5764180624999999 0.4320173921875 0.5616602703125 0.5026967515625 0.5538118078125 0.509835821875 0.5449721453125 0.5070880125 0.539832 0.432748009375 0.5450316843749999 0.42713114062499996 0.5382236171875 0.41955161875 0.5392183453125 0.4162952125 0.545247765625
0 0.6078950765625 0.6988127921875 0.6229268953125 0.7713203234375 0.634834065625 0.7935942812500001 0.643683753125 0.791653603125 0.6499068875 0.7811005578125 0.6453812906249999 0.7430424921875 0.6211673640625001 0.6867794734375 0.6207051 0.6672900359375 0.6092288546875 0.660618346875 0.574208365625 0.5415632703125 0.5699156546874999 0.549288403125 0.6051919234375001 0.6680882171875 0.5996423359375 0.6810849734375 0.6078950765625 0.6988127921875
0 0.42623530625 0.687262328125 0.435514575 0.701534525 0.4431310375 0.703129290625 0.4841199625 0.7725101671875 0.48471771406249997 0.7675803765625 0.4458306125 0.6928565640625 0.44742412343750004 0.6776936890624999 0.42962057031249995 0.6512597984374999 0.41792571875 0.6205241453125 0.40124296406250004 0.6046522171875 0.39270808125 0.6140611546875 0.3922230703125 0.6279500437500001 0.4029868953125 0.6583081640625 0.4157420671875 0.67086820625 0.42623530625 0.687262328125
0 0.40837016562499995 0.18131207968750002 0.35138305625 0.1948423828125 0.3403204640625 0.2019776546875 0.341115146875 0.207163259375 0.3519179609375 0.20517712187499998 0.40019390781249997 0.1919105859375 0.41191265781249997 0.19163782812500002 0.41557640156250003 0.198491353125 0.46074078281249997 0.19050134218749998 0.4717861015625 0.1815707578125 0.47239236562500003 0.164209646875 0.469765809375 0.15559728125 0.44267161718750003 0.1625000234375 0.41654642343750004 0.1707135765625 0.40837016562499995 0.18131207968750002