0 0.617059196875 0.6771448437500001 0.6123388578125 0.6924699328125 0.6222501015625 0.71332093125 0.629092875 0.7688310328125 0.6449974468749999 0.8086650046875 0.6538168140625 0.8068777609375 0.6598580125 0.7964270046874999 0.656557840625 0.7617275078125 0.6361038 0.7028247234375 0.6319403328125001 0.6749482796875 0.6233398421875 0.6744707796875 0.5938486703125 0.5503082921875 0.5890567703125 0.5451283671875 0.5860361703125 0.55035374375 0.5878074718749999 0.5607590484375 0.617059196875 0.6771448437500001
0 0.531604775 0.6478827671875 0.5273954859375001 0.6652666046875 0.5301736546875 0.6739301140625 0.5388718046875 0.679087315625 0.5469267359375001 0.665152975 0.5635214625 0.6095065156249999 0.569502053125 0.6025279828125 0.56937840625 0.5856363953125 0.6088539187500001 0.4738398640625 0.6080288765625 0.46516498906250003 0.5659354703125 0.5787988687500001 0.5561332171875 0.5852464125 0.551923928125 0.6026302484375 0.531604775 0.6478827671875
0 0.4867904421875 0.530099921875 0.497320503125 0.542190203125 0.520293475 0.5405565578125 0.5314698859375 0.5437274624999999 0.5357960015625001 0.53677381875 0.5644650437500001 0.5439920921875 0.5580492015625 0.5314212859375 0.5386391671874999 0.5245904703125001 0.532961615625 0.5142078921875 0.5219690781249999 0.5125890484375 0.511719671875 0.5004439953125 0.4961552796875 0.497062678125 0.4872146984375 0.5057943671875 0.4867904421875 0.530099921875
0 0.5203284578125 0.4535180484375 0.5127751796875 0.44406691406250004 0.48862611874999995 0.4500099546875 0.4677675234375 0.4451497890625 0.4500681828125 0.4521965 0.43816760937500004 0.46268134375000003 0.43307266875000006 0.4748625296875 0.4347227546875 0.49221227812499996 0.441407171875 0.5008530625 0.46975778906250004 0.49895218906250005 0.49639771093749996 0.48317378906249997 0.5159289609375 0.483060159375 0.5240445015625 0.465653596875 0.6102244328124999 0.4512647375 0.616144415625 0.4477584265625 0.619225621875 0.43906082656249995 0.616386846875 0.4338695375 0.608574346875 0.43391498906250003 0.59282813125 0.4409503375 0.5203284578125 0.4535180484375
0 0.5532064875 0.3613278484375 0.5606260843750001 0.35909867812499996 0.5649964984375 0.36382078125 0.5932152453125 0.36283101875 0.595471409375 0.3454585453125 0.5926326343749999 0.34026725625 0.5770682421875 0.3368859375 0.5603454125 0.3411651375 0.5536307421875 0.33702229375 0.5496032765625001 0.3439894625 0.48558536406249997 0.3384350578125 0.48486268125 0.3458243171875 0.5494820609375 0.3509339078125 0.5532064875 0.3613278484375
0 0.5653099703125 0.277835678125 0.5632892109375 0.2915625703125 0.5201692718750001 0.3129136265625 0.509872553125 0.3245786234375 0.5236300390624999 0.32157341875 0.5659555703125 0.30223189375000004 0.5721427718750001 0.311556240625 0.5815805703125 0.302140990625 0.6326648593749999 0.284484440625 0.635685459375 0.2792590640625 0.6359884984375 0.26189795312499997 0.63125720625 0.253245803125 0.6136184734375 0.25682029375000004 0.5780760328125 0.27776140625 0.5653099703125 0.277835678125
0 0.4537046546875 0.2438631671875 0.4436965984375 0.2578088703125 0.40427045 0.2788694625 0.3833080796875 0.305030440625 0.38294443125 0.3258637734375 0.3915213671875 0.33796541874999997 0.39643448281250004 0.3362009 0.42112128125000003 0.3204338625 0.4431511265625 0.2890588703125 0.4629248078125 0.2750563515625 0.46411349843750005 0.2628978921875 0.47311468906250004 0.25069398125000003 0.520656375 0.21222682656249997 0.53368503125 0.1930557453125 0.5248656640625 0.1948429890625 0.464262975 0.2504658 0.4537046546875 0.2438631671875
0 0.426542728125 0.23360558125000003 0.4307839140625 0.22913249218749998 0.444969971875 0.2327424984375 0.47637771874999996 0.2315797140625 0.48034457656249996 0.2280847671875 0.480708225 0.2072514328125 0.47402380624999996 0.1986106484375 0.4251350734375 0.20236694375000003 0.4191544828125 0.209345478125 0.3704862015625 0.214185678125 0.34777450781249997 0.21496855781250002 0.34480666875 0.2227751359375 0.41897265937499995 0.21976214375 0.426542728125 0.23360558125000003
0 0.270367009375 0.3421421421875 0.2587088671875 0.3387380984375 0.2446127375 0.36312319375 0.20891101562499997 0.3945777265625 0.19688922656250002 0.412007015625 0.1857530875 0.43463895781249995 0.18551065625000002 0.44852784687499997 0.194026984375 0.46410171250000004 0.2067526 0.4622917421875 0.2276543640625 0.4396029859375 0.25590723125000003 0.387360571875 0.26982153750000004 0.3733921421875 0.27485587031250003 0.36468317968749997 0.27308456875 0.3542778765625 0.2861738328125 0.331634571875 0.362089603125 0.2339805578125 0.3652314171875 0.22181073593749998 0.3544589265625 0.2236093421875 0.270367009375 0.3421421421875
0 0.2857026421875 0.4705120984375 0.2778901421875 0.47055755 0.2403565125 0.49507900156250007 0.23336905625 0.5037993265625 0.233126625 0.517688215625 0.2378579171875 0.5263403656250001 0.24081790781249998 0.524587209375 0.2733778140625 0.505302496875 0.291258978125 0.4878391203125 0.299071478125 0.48779366875 0.3130463921875 0.4703530171875 0.3564393984375 0.4457974765625 0.3723068296875 0.431817684375 0.37538803593750003 0.423120084375 0.3093219671875 0.4599590765625 0.2956500921875 0.4600386171875 0.2857026421875 0.4705120984375
0 0.4354129078125 0.3967318484375 0.3882954765625 0.410893446875 0.37343491093750003 0.423131446875 0.39296616093750003 0.4230178171875 0.42540485156249996 0.41067755000000006 0.45079547656249996 0.41052983281250005 0.45677606718749997 0.4035513 0.4822273 0.399931359375 0.49803412343750003 0.38942378906249997 0.5077997484375001 0.3893669734375 0.5108809562500001 0.380669375 0.5043783625 0.361611921875 0.44536035625 0.386258365625 0.4354129078125 0.3967318484375
0 0.4262203390625 0.5540693671875 0.37716967968750004 0.5580472640624999 0.36307688125 0.5690102328125 0.360881325 0.5829104828125 0.36549140156250004 0.5985070765625 0.3879220359375 0.6001125140625 0.40540589687499995 0.5900608078125 0.42829444062500005 0.5807823515625 0.43409320781250005 0.5842204859375 0.44291262187499997 0.567159878125 0.5166699296874999 0.5524932421875001 0.5197511359375 0.543795640625 0.4541699296875 0.55285685625 0.4431060015625 0.5560811484375 0.4367130203125 0.5460146765625 0.4262203390625 0.5540693671875
0 0.3819123140625 0.8098974328124999 0.38668609531250003 0.820583425 0.40402178906249997 0.8343700484375001 0.43917803906249997 0.8341655156250001 0.45330549062500003 0.8421522250000001 0.4602640015625 0.8339442015625 0.5043566968750001 0.8503043921875 0.5202076859375 0.8502121734375001 0.5072480203125 0.8390220062499999 0.46125321250000006 0.8226728812499999 0.45659997187499995 0.8077730828125 0.4462919109375 0.8081146859375 0.42328024375 0.79215154375 0.4188771703125 0.7896860015625 0.4127731671875 0.7857349734375 0.38869028125 0.7847921234374999 0.38219723437500003 0.7980423875 0.3819123140625 0.8098974328124999
0 0.2922189109375 0.6006692984375 0.3092515640625 0.6318170328125 0.3194785859375 0.6612684234375 0.32611357343749997 0.6597308484375 0.350583903125 0.7253170484375 0.3582611953125 0.7338965546875 0.33013532031250004 0.656327778125 0.33238602500000003 0.6490417875000001 0.3306147234375 0.638636484375 0.3248765640625 0.6317261296875001 0.3120532 0.5831945578125 0.29785932187499997 0.5572381140625 0.29199994687499997 0.5572722031249999 0.28608726406249996 0.5647696843750001 0.2848912734375 0.5729369734375 0.2922189109375 0.6006692984375
0 0.2758431484375 0.6997128546875 0.283473825 0.71008406875 0.293444703125 0.7128184890625 0.2956134890625 0.70660981875 0.36918883125 0.759129925 0.3711348765625 0.754330746875 0.30129438125 0.6960929140625 0.2957380453125 0.6787658921874999 0.2802342625 0.67191235 0.2534359828125 0.64082143125 0.23213343125 0.63052975625 0.22621344843750002 0.63403606875 0.22111850781250003 0.646217253125 0.22087607656250002 0.6601061421875001 0.23903681250000003 0.6825676390625001 0.2758431484375 0.6997128546875
0 0.43585903593750003 0.698781909375 0.44733535468749996 0.7126026203125 0.45698247968750005 0.7089482125 0.509813815625 0.753528990625 0.5107299515625 0.749284225 0.45838931875 0.7007105375 0.4575858421875 0.6847680281249999 0.43829702499999995 0.6709927671875 0.41729751249999997 0.6433399828125 0.401793728125 0.6364864421875 0.3927925375 0.648690353125 0.39255010625 0.6625792421875001 0.412603359375 0.688501596875 0.43585903593750003 0.698781909375