0 0.5972337203125 0.6734855140625 0.592067859375 0.6888365140625 0.601370165625 0.709627721875 0.606595125 0.7650923703125 0.6213368921875 0.80482975 0.630206815625 0.8029913687500001 0.6365513546875 0.792506521875 0.6342623171875 0.757829753125 0.61552720625 0.69905196875 0.6121763078125 0.671202584375 0.60359118125 0.6707751765625 0.5777210703125 0.546796903125 0.5730808390625 0.5416453875 0.5699085703125 0.5468878109374999 0.57137653125 0.5572817515625 0.5972337203125 0.6734855140625
0 0.512645996875 0.644723653125 0.507931140625 0.66213021875 0.510456525 0.6707766828125 0.5190030046875 0.6758827468749999 0.527462390625 0.6619029515625 0.54567493125 0.60616558125 0.55185775 0.5991529578125 0.55222606875 0.5822638062500001 0.5949508140625 0.4702489296875 0.5943785546875 0.46157973593749996 0.54898285 0.5754470078125 0.5389944812499999 0.581950934375 0.534279625 0.5993574984375 0.512645996875 0.644723653125
0 0.47126952343750006 0.5272135375 0.48144568593750003 0.53924131875 0.50446234375 0.5374741640625 0.5155445125 0.5405797125 0.520072409375 0.5336016015625 0.548526371875 0.5406523234375 0.542477725 0.5281201249999999 0.5232699171874999 0.5214029484375 0.51789570625 0.5110544609375001 0.5069521781249999 0.5094997453125 0.4970582171875 0.497415565625 0.4815949375 0.49412515625 0.472401571875 0.5029079828125 0.47126952343750006 0.5272135375
0 0.5070321984375 0.450444290625 0.49975545 0.44103806875 0.4754374 0.44712102343750004 0.4547238828125 0.44238272343749996 0.436822315625 0.44953170781249996 0.4246184015625 0.46008473437499997 0.41916956406250006 0.4722943296875 0.4203140828125 0.4896327140625 0.4267457171875 0.49823372499999996 0.455146890625 0.496168078125 0.4822418234375 0.48023626718749995 0.5017730734375 0.4800090015625 0.5103941796875 0.4625569828125 0.596978565625 0.4476681203125 0.6029996625 0.44412771875 0.606333653125 0.4354130734375 0.6036465468750001 0.4302388296875 0.5958340468750001 0.43032973593749996 0.5798856046875 0.43745599375 0.5070321984375 0.450444290625
0 0.5425895703125 0.3580721421875 0.5500728328125 0.355800025 0.5543049812499999 0.36049621875 0.5825477734375 0.35934235625 0.5853095046875 0.34195851875 0.5826223984375 0.3367842765625 0.5671591203124999 0.33349386875000003 0.5503144984375 0.337869940625 0.5437216203124999 0.3337665875 0.539491928125 0.340756484375 0.4756466265625 0.3355751515625 0.4747088640625 0.3429678671875 0.539168484375 0.3477009296875 0.5425895703125 0.3580721421875
0 0.5571226 0.274518025 0.55470240625 0.2882552828125 0.5109679515625001 0.3098550765625 0.5003332515625 0.321578803125 0.514175928125 0.3184938515625 0.5570575843750001 0.29890800624999997 0.562972178125 0.3081954046875 0.5726825843750001 0.2987261921875 0.624272440625 0.2807741875 0.627444709375 0.2755317640625 0.6282533171875 0.258170653125 0.6237748078124999 0.2495469140625 0.6060349609375 0.2532236765625 0.5698886625 0.274369478125 0.5571226 0.274518025
0 0.44652559687500004 0.24119837500000002 0.4361130859375 0.255200896875 0.3960802578125 0.2764887625 0.3743595359375 0.3027690609375 0.37338920781249996 0.32360239375 0.38161224531250004 0.3356529015625 0.38657591875 0.33385997343749996 0.4117177265625 0.31795089062500004 0.43465759375 0.286450896875 0.4548357296875 0.27233474062499996 0.45637831718750005 0.26017060000000003 0.4657334046875 0.2479155515625 0.5143873390625 0.20917566875000002 0.5279721187499999 0.1899307234375 0.5191021953125 0.191769103125 0.4568898359375 0.2477389 0.44652559687500004 0.24119837500000002
0 0.4196670109375 0.23109988124999997 0.4240377515625 0.22660256875 0.43811626875 0.2301296609375 0.469552559375 0.22878424062499997 0.4736205296875 0.2252665640625 0.47459085781250004 0.2044332296875 0.46815922499999996 0.19583221875 0.419169378125 0.1998726078125 0.41298656093749997 0.20688523281250001 0.3641855609375 0.2120081328125 0.341454915625 0.21292308906250001 0.3382602234375 0.22074614375 0.41250139687500004 0.2173018984375 0.4196670109375 0.23109988124999997
0 0.26035677343749997 0.34053417656249996 0.24879974531250001 0.3371983140625 0.23399582031250002 0.36166295625 0.197384078125 0.3933220359375 0.184856721875 0.4108195078125 0.1730633453125 0.4335139484375 0.17241646093750002 0.4474028375 0.1804777765625 0.46292556874999996 0.19325395 0.461041734375 0.2148129515625 0.4382336578125 0.24458252187500001 0.385832153125 0.25890128125 0.37178417656249996 0.2641883984375 0.363046803125 0.2627204359375 0.3526528640625 0.2764669375 0.329935696875 0.3552138859375 0.2318498609375 0.3587095984375 0.21966299218750002 0.34788655 0.22152409999999997 0.26035677343749997 0.34053417656249996
0 0.271951209375 0.4688018578125 0.264138709375 0.468892765625 0.225897284375 0.49363012812499996 0.21865704375 0.5023902265625 0.2180101578125 0.516279115625 0.22248866718750002 0.5249028546875001 0.22549921562500003 0.523132653125 0.2586152453125 0.503660440625 0.2770019765625 0.4860947890625 0.2848144765625 0.4860038828125 0.299294959375 0.4684836859375 0.3433957578125 0.44367814375 0.35966764375000004 0.42960744218749997 0.363001634375 0.4208927953125 0.2958738734375 0.4581124734375 0.2822019984375 0.45827155937499997 0.271951209375 0.4688018578125
0 0.42378485781249997 0.394157965625 0.376262971875 0.40859229375000006 0.361048509375 0.42091552187500003 0.380579759375 0.4206882546875 0.413372346875 0.4081604875 0.438762971875 0.40786504062500006 0.44494578906250004 0.4008524171875 0.4704981359375 0.3970847484375 0.4866083 0.3864862671875 0.496373925 0.38637263437499997 0.499707915625 0.3776579890625 0.4937614453125 0.358640309375 0.43403564687499996 0.383627665625 0.42378485781249997 0.394157965625
0 0.4100116046875 0.5515329953125 0.36085340625 0.5557959046875001 0.3464437125 0.5668397625 0.343843703125 0.5807513765625 0.34799876875 0.5963195609375 0.3703788453125 0.5977943156250001 0.38815248750000003 0.5876418937500001 0.4113073765625 0.5782311953125 0.4170050296875 0.5816352390625 0.426319815625 0.5645250468749999 0.5004917718749999 0.5494307187499999 0.5038257625 0.5407160734375 0.437991771875 0.5501579734375001 0.42683581562499995 0.5534463171875 0.42073708906249996 0.5434180671875 0.4100116046875 0.5515329953125
0 0.35826044218750003 0.8075928953125 0.3627222 0.8182500265625 0.37965343906250004 0.831934375 0.41480968906250004 0.8315252953125001 0.4287021453125 0.8394289890625 0.435898525 0.831181309375 0.4795072796875 0.8472832703125001 0.49535826875 0.8470988281249999 0.4827266984375 0.83598520625 0.4372158296875 0.8199053781250001 0.4329973140625 0.8050341671875 0.4226810515625 0.8054357187500001 0.40013818749999996 0.789608096875 0.39580766562499997 0.7871684265625001 0.38981976406249996 0.7832533171875 0.36576841875 0.782450696875 0.3588905765625 0.795737396875 0.35826044218750003 0.8075928953125
0 0.2746757203125 0.5989079234375 0.290798353125 0.6299533828125 0.300165909375 0.6593422734375001 0.30684455312500003 0.657766246875 0.3294006265625 0.723203396875 0.336826753125 0.7317373593750001 0.310964728125 0.6543401203125 0.313427246875 0.6470417734375 0.3119592859375 0.6366478328125 0.306423353125 0.6297715703125 0.295015578125 0.5813195437500001 0.28158004999999997 0.555448328125 0.27572067499999997 0.5555165078125001 0.26959064062500004 0.5630476328125 0.2681569921875 0.5712210515625 0.2746757203125 0.5989079234375
0 0.255418225 0.69803670625 0.2627455609375 0.7083624656249999 0.2726351125 0.7110385890625001 0.27498435 0.7048179296875 0.34701765 0.7569045796875 0.349103134375 0.7520945671875 0.280970571875 0.6942690375 0.275919803125 0.6769761062499999 0.2606182453125 0.670213475 0.23472998750000001 0.639281646875 0.2137307765625 0.6291149734375 0.20770968124999997 0.6326553765625 0.20226084375000003 0.6448649703125 0.20161395781250002 0.658753859375 0.21911745625 0.6811074015624999 0.255418225 0.69803670625
0 0.4154341125 0.6961747515625001 0.4265059765625 0.7099272812499999 0.43625789687500005 0.706217109375 0.48778192656249997 0.7504859453125 0.4888215296875 0.746236278125 0.437904409375 0.6979720859375 0.43756537343749996 0.6820358703125 0.4186810078125 0.668374246875 0.3984904046875 0.6408464625 0.383188846875 0.6340838328125 0.37383375937499996 0.6463388796875 0.3731868734375 0.66022776875 0.3924817765625 0.6860308046875 0.4154341125 0.6961747515625001