0 0.621020803125 0.680803925 0.616389490625 0.69610310625 0.6264224125 0.7170138890625 0.633588465625 0.7725694437499999 0.64972539375 0.8125 0.6585346578125 0.8107638890625 0.6645152421875 0.800347221875 0.661013021875 0.765625 0.640215496875 0.706597221875 0.635889659375 0.6786937234375 0.6272860984374999 0.6781661328124999 0.5970713515625 0.5538194437499999 0.5922491437499999 0.5486111109375 0.5892588515625 0.5538194437499999 0.59109076875 0.5642361109375 0.621020803125 0.680803925
0 0.5353931937499999 0.6510416671875 0.5312849296875 0.668402778125 0.5341136093750001 0.6770833328125 0.5428420671875 0.6822916671875 0.5508161796875 0.668402778125 0.5670876265625 0.612847221875 0.5730278078125 0.605902778125 0.5728058546875 0.5890087562499999 0.6116320921875 0.47743055625 0.6107565375 0.46875 0.5693230109375 0.582150503125 0.5595579484375001 0.5885416671875 0.5554496828125 0.605902778125 0.5353931937499999 0.6510416671875
0 0.48989189531250005 0.5329861109375 0.500492671875 0.5451388890625 0.523456915625 0.54363874375 0.5346521578125001 0.546875 0.5389379515625 0.5399458203124999 0.5676499734375 0.5473316359375 0.56116075625 0.534722221875 0.5417103125 0.527777778125 0.5359721453125 0.5173611109375 0.524969815625 0.51567814375 0.5146493828125001 0.503472221875 0.4990647859375 0.5 0.490174715625 0.5086805562500001 0.48989189531250005 0.5329861109375
0 0.52298536875 0.45659159843749997 0.5153768328125 0.44709555625 0.49126154218750007 0.452898690625 0.4703739546875 0.4479166671875 0.452715025 0.4548611109375 0.44087506562499995 0.46527777812500004 0.43585084218750003 0.47743055625 0.437601953125 0.4947916671875 0.4443368828125 0.503472221875 0.472677396875 0.5017361109375 0.499226396875 0.4861111109375 0.5187576468749999 0.4861111109375 0.5267721625 0.46875 0.612871275 0.4548611109375 0.6187710515625 0.4513888890625 0.621801746875 0.4427083328125 0.6189326640624999 0.4375 0.6111201640624999 0.4375 0.5954143578125 0.44444444375 0.52298536875 0.45659159843749997
0 0.5553280015625 0.3645833328125 0.562734878125 0.36239710625 0.5671329203125001 0.36714511875 0.5953468625 0.36631944375000003 0.5975020015625 0.3489583328125 0.59463291875 0.34375 0.579048321875 0.34027777812500004 0.5623498296875 0.3444601125 0.555610821875 0.34027777812500004 0.551623765625 0.34722222187499996 0.48757136250000005 0.34129476875 0.4868916578125 0.348680575 0.5515429609375 0.3541666671875 0.5553280015625 0.3645833328125
0 0.566946003125 0.28115310625 0.5650050609374999 0.2948696359375 0.5220079156249999 0.3159719703125 0.5117787359375 0.32757824062499996 0.5255191984375001 0.32465277812500004 0.5677336015625001 0.30555555624999997 0.5739752765625 0.31491685 0.5833586015625001 0.30555555624999997 0.6343418671875 0.28819444375000003 0.6373321578125 0.2829861109375 0.6375341734375 0.265625 0.6327523687500001 0.25694444375000003 0.615133840625 0.2604166671875 0.579712065625 0.28115310625 0.566946003125 0.28115310625
0 0.4551392015625 0.246527778125 0.445211965625 0.2604166671875 0.405907046875 0.28125 0.38509621250000003 0.3072916671875 0.3848537953125 0.328125 0.393501446875 0.34027777812500004 0.39840446093750004 0.3385416671875 0.4230003375 0.3229166671875 0.44484833906250004 0.2916666671875 0.46454120000000004 0.27777777812500004 0.46565917343749996 0.265625 0.474589646875 0.25347222187499996 0.521909078125 0.215277778125 0.5348266078125 0.19618055625 0.52601734375 0.1979166671875 0.46573630625 0.2531925140625 0.4551392015625 0.246527778125
0 0.4279166609375 0.23611111093749998 0.43213195937500004 0.2316622453125 0.44633950625 0.2353551578125 0.47774155 0.234375 0.48168820312499994 0.230902778125 0.48193062031249995 0.21006944375 0.475195690625 0.20138888906250002 0.42632716249999997 0.20486111093749998 0.42038698124999996 0.21180555625 0.3717452203125 0.216363075 0.3490373140625 0.21701388906250002 0.34611480625 0.22480399218749997 0.42026577343750005 0.222222221875 0.4279166609375 0.23611111093749998
0 0.27236729375 0.34375 0.260688946875 0.34027777812500004 0.2467342515625 0.3645833328125 0.211214375 0.3958333328125 0.199293609375 0.41319444375 0.18828880312500001 0.4357638890625 0.188127190625 0.44965277812500004 0.196734440625 0.46527777812500004 0.2094499546875 0.4635416671875 0.2302203859375 0.44097222187499996 0.25817018125 0.3888888890625 0.2720036671875 0.375 0.2769874875 0.36631944375000003 0.275155571875 0.35590277812500004 0.288113503125 0.3333333328125 0.36346353593749997 0.23611111093749998 0.366534634375 0.22395833281250002 0.35577224531249996 0.22569444375 0.27236729375 0.34375
0 0.288450509375 0.47222222187499996 0.280638009375 0.47222222187499996 0.2432458140625 0.49652777812500004 0.23630886874999998 0.5052083328125 0.23614725625 0.519097221875 0.2409290625 0.527777778125 0.2438789515625 0.5260416671875 0.2763277296875 0.5069444437499999 0.2941078703125 0.4895833328125 0.3019203703125 0.4895833328125 0.315794259375 0.47222222187499996 0.3590458296875 0.4479166671875 0.3748324421875 0.43402777812500004 0.3778631375 0.42534722187499996 0.31200921875 0.46180555625 0.29833734375 0.46180555625 0.288450509375 0.47222222187499996
0 0.437736471875 0.39930555624999997 0.390699859375 0.41319444375 0.3759100125 0.42534722187499996 0.3954412625 0.42534722187499996 0.427809234375 0.41319444375 0.453199859375 0.41319444375 0.459140040625 0.40625 0.48457106874999994 0.40277777812500004 0.500317278125 0.3923611109375 0.510082903125 0.3923611109375 0.513113596875 0.38368055624999997 0.5064998765625 0.3645833328125 0.44762330625 0.3888888890625 0.437736471875 0.39930555624999997
0 0.4294592328125 0.55660556875 0.3804300640625 0.560298471875 0.3664005875 0.5711805562500001 0.36428585 0.5850694437499999 0.36898685000000003 0.6006944437499999 0.3914275859375 0.6024305562500001 0.40885354218750003 0.59247955625 0.43168886406249996 0.5833333328125 0.43750783593750003 0.5868055562500001 0.44622826250000003 0.56979453125 0.5199027140625 0.5555555562500001 0.5229334078125001 0.546875 0.4574027140625 0.5555555562500001 0.446357175 0.5587158015625 0.43990539375 0.5486111109375 0.4294592328125 0.55660556875
0 0.3866385265625 0.8122018125 0.3914746578125 0.8229166671874999 0.40889117031250005 0.8368055562500001 0.44404742031250005 0.8368055562500001 0.4582218296875 0.8448752765625 0.465132809375 0.8367069078125 0.50932220625 0.853325309375 0.5251731953125 0.853325309375 0.51214796875 0.8420586 0.466056459375 0.8254401984375 0.46131634843749997 0.8105118109375 0.45100992812499996 0.8107934734375 0.4279045828125 0.7946948171875 0.42348701093749996 0.79220340625 0.4173598078125 0.7882164609375 0.39327061875 0.787133390625 0.3868544640625 0.800347221875 0.3866385265625 0.8122018125
0 0.2957244609375 0.6024305562500001 0.312938959375 0.6336805562500001 0.323337721875 0.6631944437499999 0.3299639859375 0.6616953171875 0.3548168296875 0.7274305562500001 0.3625443109375 0.7360556046875 0.3339660640625 0.6583153015625001 0.33617444375 0.6510416671875 0.334342528125 0.640625 0.328563959375 0.6336805562500001 0.315457725 0.5850694437499999 0.3011123109375 0.559027778125 0.2952529359375 0.559027778125 0.28938368593749997 0.56649161875 0.288235184375 0.574652778125 0.2957244609375 0.6024305562500001
0 0.2799245390625 0.7013888890625 0.2876158296875 0.7118055562500001 0.297602959375 0.71459826875 0.2997356859375 0.7084015859374999 0.37361916562499997 0.76135511875 0.375537346875 0.7565667765625 0.3053555671875 0.6979166671875 0.29969820625 0.6805555562500001 0.2841540125 0.6736111109375 0.2571738890625 0.6423611109375 0.23581072343749998 0.6319444437499999 0.22991094531249998 0.6354166671875 0.224886721875 0.6475694437499999 0.2247251109375 0.6614583328125 0.24301717812499998 0.684027778125 0.2799245390625 0.7013888890625
0 0.4399404265625 0.7013888890625 0.45149756406249997 0.715277778125 0.4611237484375 0.7116791296875 0.5142163156249999 0.7565718312499999 0.5151077796875 0.7523319640625 0.462482696875 0.7034488046875 0.4615864125 0.6875 0.442216775 0.6736111109375 0.42105562343749997 0.6458333328125 0.4055114296875 0.6388888890625 0.39658095625 0.6510416671875 0.3964193453125 0.6649305562500001 0.41662413593750003 0.690972221875 0.4399404265625 0.7013888890625