0 0.47126952343750006 0.5532003828125001 0.48144568593750003 0.5657908703125 0.50446234375 0.5652257359374999 0.5155445125 0.568919696875 0.520072409375 0.562161865625 0.548526371875 0.5707211078125 0.542477725 0.5578413 0.5232699171874999 0.5501010187500001 0.51789570625 0.5394456 0.5069521781249999 0.537313525 0.4970582171875 0.524681290625 0.4815949375 0.5205723984375 0.472401571875 0.528894828125 0.47126952343750006 0.5532003828125001
0 0.5070321984375 0.4781181046875 0.49975545 0.46830753593749996 0.4754374 0.47313079843750006 0.4547238828125 0.467295309375 0.436822315625 0.4735234984375 0.4246184015625 0.48346266406250005 0.41916956406250006 0.4954164828125 0.4203140828125 0.512857178125 0.4267457171875 0.521816275 0.455146890625 0.5212341281249999 0.4822418234375 0.506683509375 0.5017730734375 0.5074793468750001 0.5103941796875 0.49043657031250004 0.596978565625 0.48004936562499995 0.6029996625 0.4768158953125 0.606333653125 0.468254715625 0.6036465468750001 0.46292700625 0.5958340468750001 0.462608671875 0.5798856046875 0.4689164453125 0.5070321984375 0.4781181046875
0 0.5422347203125 0.3871087046875 0.5497179828125 0.3852232484375 0.5539501328124999 0.39015271875 0.583553021875 0.3962400890625 0.584954653125 0.37319475625 0.5823688453125 0.36950539843749997 0.567029728125 0.366918140625 0.54995965 0.367262059375 0.5433667703125 0.3628031484375 0.5391370765625 0.3695884265625 0.4758483 0.3590233125 0.473969396875 0.364686815625 0.5388136343750001 0.3765328703125 0.5422347203125 0.3871087046875
0 0.5571226 0.3043876890625 0.55470240625 0.3180316359375 0.5109679515625001 0.337391975 0.5003332515625 0.34858694218749997 0.514175928125 0.3462199734375 0.5570575843750001 0.32883380156249997 0.562972178125 0.3384538625 0.5726825843750001 0.329470471875 0.624272440625 0.3141785359375 0.627444709375 0.3090895796875 0.6282533171875 0.29172846875 0.6237748078124999 0.28284895312499997 0.6060349609375 0.285604921875 0.5698886625 0.30490786718749996 0.5571226 0.3043876890625
0 0.44652559687500004 0.26519016562500003 0.4361130859375 0.2786811375 0.3960802578125 0.2979227953125 0.3743595359375 0.32312883281250004 0.37338920781249996 0.343962165625 0.38161224531250004 0.3564730703125 0.38657591875 0.35493591874999997 0.4117177265625 0.340305715625 0.43465759375 0.3099311375 0.4548357296875 0.296838084375 0.45637831718750005 0.2847250984375 0.4657334046875 0.272930446875 0.5143873390625 0.23664601406250002 0.5279721187499999 0.21806608593750001 0.5191021953125 0.21944407031250002 0.4568898359375 0.2722898609375 0.44652559687500004 0.26519016562500003
0 0.42378485781249997 0.417331275 0.37644250156250003 0.4335751859375 0.35820137343749997 0.4469211421875 0.379743409375 0.44466796875 0.4267137890625 0.42851028593749996 0.438762971875 0.43185683125 0.44494578906250004 0.42515113906249996 0.4704981359375 0.42271350625000004 0.4866083 0.412933509375 0.496373925 0.41333142812499996 0.499707915625 0.4047702484375 0.4937614453125 0.3853944828125 0.43403564687499996 0.40731252656250005 0.42378485781249997 0.417331275
0 0.2746757203125 0.6147660375 0.290798353125 0.6467322906249999 0.300165909375 0.6766838890625 0.30684455312500003 0.6754540515625 0.3294006265625 0.7422331328125 0.336826753125 0.7511771421875 0.310964728125 0.6722355046875 0.313427246875 0.6650484062500001 0.3119592859375 0.6545521546875 0.306423353125 0.6473689609375 0.295015578125 0.5982007609375 0.28158004999999997 0.57156221875 0.27572067499999997 0.5713234671875 0.26959064062500004 0.5785516921875 0.2681569921875 0.5866699234375 0.2746757203125 0.6147660375
0 0.255418225 0.7131274921874999 0.2627455609375 0.72386249375 0.2726351125 0.727063475 0.27498435 0.7209507562499999 0.34701765 0.7769399171875 0.349103134375 0.7722274640625 0.280970571875 0.7106898578124999 0.275919803125 0.6930899968750001 0.2606182453125 0.68550888125 0.23472998750000001 0.6531447078125 0.2137307765625 0.6418526203125 0.20770968124999997 0.6450860921875 0.20226084375000003 0.657039909375 0.20161395781250002 0.6709287984375 0.21911745625 0.6942542890625 0.255418225 0.7131274921874999
0 0.50694834375 0.6694549734375 0.5034142515625 0.67929598125 0.5125713703125 0.695775184375 0.5155819187499999 0.6941584484375001 0.53900695 0.653367203125 0.54372180625 0.636165259375 0.5546843625 0.6224303609375 0.55206400625 0.61114251875 0.6043929968749999 0.5099213828125 0.6038207375 0.501201034375 0.549207384375 0.60492735 0.539156203125 0.6081487296875 0.5367179140625 0.6184858140625 0.50694834375 0.6694549734375
0 0.40875686718750004 0.2358207140625 0.4139693578125 0.24994835312500002 0.42195329375 0.24906423281249998 0.4468490390625 0.25824572031250004 0.47044791718749995 0.256010203125 0.47052288750000004 0.23311926875000002 0.462138128125 0.2240805859375 0.4410410921875 0.2213776796875 0.4236370734375 0.22383121093749997 0.4179471640625 0.2204366734375 0.41054730156249997 0.22646054375000002 0.3412061 0.21567417187500001 0.3380338296875 0.22076312812499999 0.34072093593749997 0.2260908390625 0.40875686718750004 0.2358207140625
0 0.22340912031250001 0.3500267875 0.1952567640625 0.366273725 0.1705254921875 0.3930964984375 0.161008684375 0.408363371875 0.15824695312499998 0.4256448984375 0.16435514375 0.4415484421875 0.1750164703125 0.44372226406250004 0.202434846875 0.4222271984375 0.22992785 0.37812290000000004 0.24619973437499998 0.36487068125 0.2538747 0.3557765953125 0.250357453125 0.3449090328125 0.35719162187500003 0.2292529265625 0.3475101875 0.22732640937499998 0.24645840468750002 0.3360686328125 0.2429411546875 0.32520109218750004 0.22340912031250001 0.3500267875
0 0.28595970625 0.45059865 0.272863734375 0.4532507703125 0.24402937656249998 0.45951123125000004 0.22987837187500001 0.463691371875 0.21406349374999997 0.46439780312499995 0.21230003593750002 0.48350838281249997 0.21677854531250002 0.4923878984375 0.21978909375 0.4907711625 0.24639886249999998 0.486637209375 0.26641527656249997 0.47701638125 0.28204027656249997 0.47765304999999997 0.28950750468750003 0.467472734375 0.3435481453125 0.4590527890625 0.361220515625 0.4518064328125 0.3607250671875 0.447810496875 0.336372240625 0.44627961875000005 0.290559865625 0.454503753125 0.28595970625 0.45059865
0 0.40982217031249996 0.5731415578125 0.366129053125 0.5702757859375 0.3497777046875 0.5778198703124999 0.3443288671875 0.5897736890624999 0.34563510625 0.6037421625 0.354019865625 0.61278084375 0.38046791406249997 0.6121191140625 0.4093542515625 0.6011203 0.4189581546875 0.6049904421875001 0.4253486390625 0.5905981734375 0.4961003578125 0.5872608734375 0.5033405984375 0.5788588625 0.50065349375 0.5735311515625 0.426273021875 0.57397919375 0.42073708906249996 0.566795996875 0.4131480234375 0.5673072984374999 0.40982217031249996 0.5731415578125
0 0.5995787625 0.7393268 0.6137607390625 0.8129597203125 0.6254048625 0.8360464593750001 0.6342747859375 0.834668475 0.6406193250000001 0.8244905593749999 0.6365388859375 0.7860573640624999 0.6129878093750001 0.7281169671875001 0.6127530046875 0.708554303125 0.601357696875 0.7011323546875 0.567735428125 0.5795669796875 0.5633537734375 0.5870343453125 0.5972347296875 0.7083602765625 0.5915350484374999 0.7210305265625 0.5995787625 0.7393268
0 0.3723072203125 0.8083394625 0.38354080625 0.8192336296875 0.42016501718750005 0.8311623875 0.427492353125 0.841897390625 0.4364236734375 0.83300965625 0.490447034375 0.86992181875 0.4875540640625 0.8547811515625 0.439391671875 0.8204314890625 0.43692206562499997 0.8074935015625 0.427023559375 0.8063818203125 0.4121783265625 0.7925700265625 0.3936174046875 0.7709408546875001 0.3703416265625 0.7665136265625 0.36505451093749997 0.7749952234374999 0.3624545 0.788804528125 0.3723072203125 0.8083394625
0 0.41810304218749994 0.716110784375 0.42721331406249996 0.7310094765625 0.4348091078125 0.7330958296875 0.47497761406250005 0.8052582812500001 0.47563270625 0.8003557609374999 0.4376277734375 0.7229730921875 0.4393977203125 0.70787839375 0.4219073375 0.6802446062499999 0.4105741765625 0.6486908437500001 0.3940810875 0.6317144671875 0.385438771875 0.6405975921875 0.3847918859375 0.65448648125 0.395198678125 0.6856022109375 0.40780388125 0.699007634375 0.41810304218749994 0.716110784375