0 0.4867904421875 0.541645459375 0.497320503125 0.55398574375 0.520293475 0.5528861359375 0.5314698859375 0.5563184624999999 0.5357960015625001 0.549462684375 0.5644650437500001 0.5573511703125 0.5580492015625 0.544625925 0.5386391671874999 0.5373405625000001 0.532961615625 0.5268216203125 0.5219690781249999 0.5249462640625 0.511719671875 0.5125577203125 0.4961552796875 0.5088127625000001 0.4872146984375 0.5173399046875 0.4867904421875 0.541645459375
0 0.5203284578125 0.46581307968749996 0.5127751796875 0.45618230156250006 0.48862611874999995 0.4615656796875 0.4677675234375 0.45621805000000004 0.4500681828125 0.4628556671875 0.43816760937500004 0.47306778281249995 0.43307266875000006 0.48513533124999997 0.4347227546875 0.5025305343750001 0.441407171875 0.5113304109375 0.46975778906250004 0.5100886328125 0.49639771093749996 0.4949238734375 0.5159289609375 0.4952647921875 0.5240445015625 0.4780400484375 0.6102244328124999 0.4656512046875 0.616144415625 0.462281259375 0.619225621875 0.45365184062499997 0.616386846875 0.4483923703125 0.608574346875 0.4482560015625 0.59282813125 0.45492771093749995 0.5203284578125 0.46581307968749996
0 0.5532064875 0.37435066875 0.5606260843750001 0.3722932859375 0.5649964984375 0.37711903125 0.5932152453125 0.37678566406249997 0.595471409375 0.3594586453125 0.5926326343749999 0.35419917500000003 0.5770682421875 0.3504542171875 0.5603454125 0.354345928125 0.5536307421875 0.3500451140625 0.5496032765625001 0.35692137343749997 0.48558536406249997 0.349874678125 0.48486268125 0.3572501203125 0.5494820609375 0.36386581875 0.5532064875 0.37435066875
0 0.5653099703125 0.29110629062500004 0.5632892109375 0.30479172656250003 0.5201692718750001 0.325147828125 0.509872553125 0.33657790468750004 0.5236300390624999 0.3338916890625 0.5659555703125 0.31552744375 0.5721427718750001 0.3249995875 0.5815805703125 0.31580017968749996 0.6326648593749999 0.29932545625 0.635685459375 0.2941682625 0.6359884984375 0.2768071515625 0.63125720625 0.26804136562499997 0.6136184734375 0.2712067609375 0.5780760328125 0.291329121875 0.5653099703125 0.29110629062500004
0 0.4537046546875 0.254522334375 0.4436965984375 0.2682407640625 0.40427045 0.2883922578125 0.3833080796875 0.314075959375 0.38294443125 0.3349092921875 0.3915213671875 0.347215484375 0.39643448281250004 0.34556460312500004 0.42112128125000003 0.330365753125 0.4431511265625 0.2994907640625 0.4629248078125 0.28594279375 0.46411349843750005 0.27380706093749996 0.47311468906250004 0.261807696875 0.520656375 0.224431459375 0.53368503125 0.2055558359375 0.5248656640625 0.2071385328125 0.464262975 0.261373396875 0.4537046546875 0.254522334375
0 0.4354129078125 0.4070273765625 0.3882954765625 0.4200980578125 0.37343491093750003 0.431995146875 0.39296616093750003 0.43233606562500004 0.42540485156249996 0.4207458046875 0.45079547656249996 0.42118900000000004 0.45677606718749997 0.41434683124999994 0.4822273 0.4113178046875 0.49803412343750003 0.4011738734375 0.5077997484375001 0.4013443328125 0.5108809562500001 0.392714915625 0.5043783625 0.3734983703125 0.44536035625 0.39678116874999997 0.4354129078125 0.4070273765625
0 0.3819123140625 0.819115578125 0.38668609531250003 0.8299170234375 0.40402178906249997 0.8441127406250001 0.43917803906249997 0.8447263953125 0.45330549062500003 0.8530451687499999 0.4602640015625 0.8449957734375 0.5043566968750001 0.8623888781250001 0.5202076859375 0.862665559375 0.5072480203125 0.8511692046875 0.46125321250000006 0.8337428984375 0.45659997187499995 0.8187287390625 0.4462919109375 0.818830559375 0.42328024375 0.802325328125 0.4188771703125 0.799756303125 0.4127731671875 0.795661596875 0.38869028125 0.794157828125 0.38219723437500003 0.8072623484375001 0.3819123140625 0.819115578125
0 0.2922189109375 0.6077148046875 0.3092515640625 0.63927163125 0.3194785859375 0.668973025 0.32611357343749997 0.66758925625 0.350583903125 0.7337716546874999 0.3582611953125 0.7425333375000001 0.33013532031250004 0.6642784093749999 0.33238602500000003 0.6570418453125 0.3306147234375 0.6465910859374999 0.3248765640625 0.6395443671875001 0.3120532 0.5906946109375 0.29785932187499997 0.56439725625 0.29199994687499997 0.5642949796875001 0.28608726406249996 0.5716578890624999 0.2848912734375 0.579800659375 0.2922189109375 0.6077148046875
0 0.2758431484375 0.7064174484375 0.283473825 0.7169704828125 0.293444703125 0.7199380890625 0.2956134890625 0.7137773734375 0.36918883125 0.768031303125 0.3711348765625 0.7632754703125 0.30129438125 0.7033884203125 0.2957380453125 0.6859250343750001 0.2802342625 0.6787078531249999 0.2534359828125 0.6469805671875 0.23213343125 0.6361888875 0.22621344843750002 0.6395588359375 0.22111850781250003 0.6516263828125 0.22087607656250002 0.665515271875 0.23903681250000003 0.688408590625 0.2758431484375 0.7064174484375
0 0.5258060078125 0.6569447234375 0.5225621359375 0.666857234375 0.5321873874999999 0.6831057109375 0.535147378125 0.6814207390625 0.557359046875 0.6401290828125 0.5615683375 0.62283615625 0.5721186984375 0.608861275 0.56917335625 0.597646571875 0.618498328125 0.49531850781250003 0.617673284375 0.4866209046875 0.566139471875 0.59150454375 0.556193825 0.5949561015625 0.5540588765625001 0.6053386765625001 0.5258060078125 0.6569447234375
0 0.4151270171875 0.22606271718749998 0.4207439609375 0.2400538828125 0.42869274375 0.2389851109375 0.4538258703125 0.2475778890625 0.4773318234375 0.24479617187499997 0.47674136562499997 0.2219282796875 0.4681038234375 0.2130943109375 0.4469532125 0.2108847875 0.42964111875000005 0.21374026562499998 0.42385928437500003 0.21048168281250001 0.41664327187500005 0.216671059375 0.34707068125 0.20750838906250002 0.3440500828125 0.212665584375 0.3468888578125 0.21792505625 0.4151270171875 0.22606271718749998
0 0.23331824218750002 0.3444540390625 0.205671453125 0.3613378625 0.1817490890625 0.3887065375 0.1726872921875 0.4041781234375 0.17043112656249998 0.42150514375 0.1769943296875 0.437249465625 0.1877062125 0.43917308125 0.21446735156250002 0.4170638765625 0.240645878125 0.372368184375 0.2565133109375 0.35875203125 0.2639148609375 0.3494893671875 0.260085909375 0.3387153390625 0.36343194687499997 0.22070081562500002 0.3537059828125 0.21900145625 0.25593452656250004 0.3299751546875 0.252105571875 0.31920115 0.23331824218750002 0.3444540390625
0 0.2987179203125 0.44346284843749995 0.28571454531249996 0.446416546875 0.2570963 0.45334056250000004 0.242955390625 0.45998698437499996 0.2273079375 0.45891848125 0.2261020265625 0.4780493640625 0.23083331875000002 0.48681515 0.23379331093750003 0.4851301765625 0.260251409375 0.48038208281249994 0.279964484375 0.4703063375 0.295589484375 0.47057907187500003 0.3027519703125 0.46023618437499997 0.35648388125 0.45056903437500007 0.3739247015625 0.4429196828125 0.37331369531249997 0.4389395921875 0.348945215625 0.43797651875000004 0.3034261359375 0.44725677968750005 0.2987179203125 0.44346284843749995
0 0.4259954640625 0.5629935515625 0.3822708 0.5611466468749999 0.36615808906249997 0.5690626953125 0.3610631484375 0.58113024375 0.36277384218750003 0.595053225 0.371411384375 0.6038871921875 0.39780887656249997 0.6026113234375 0.42634131562500005 0.590952878125 0.43604633281250005 0.5945955609375 0.44201093125 0.5800703109375 0.51258185625 0.5750918109375001 0.5195693125 0.566530578125 0.5167305375 0.56127110625 0.4424511796875 0.5634478359374999 0.4367130203125 0.556401115625 0.42914780312499995 0.5570882921875 0.4259954640625 0.5629935515625
0 0.42073804531250003 0.6881069171875 0.4323355796875 0.6952559125 0.445704415625 0.7128556671874999 0.447536325 0.7198342046875 0.45730195 0.7200046640625 0.504328475 0.7772943406249999 0.5054426640624999 0.7746045625 0.460443765625 0.7079030234375 0.45778681250000003 0.6922268859375 0.45009552968750005 0.6851460734375 0.41969403906249997 0.635989490625 0.41204627499999996 0.6312155078125 0.40412964687499997 0.6322445343750001 0.401109046875 0.6374017281250001 0.398913490625 0.6512565265625 0.409261728125 0.6740134765625 0.42073804531250003 0.6881069171875
0 0.620357584375 0.72458745 0.63666294375 0.79781094375 0.6489643046875 0.8206019859374999 0.6577836718750001 0.8190192890624999 0.6638248703125 0.808704896875 0.65863218125 0.7704081781250001 0.6334249296875 0.7130780265625 0.6326218046875 0.6935420015625 0.6210242703125 0.6863930046875 0.583908459375 0.5657408984375001 0.5797490375 0.5733020421874999 0.61711626875 0.6937089484375 0.6117916046875 0.7064979859375 0.620357584375 0.72458745