0 0.6042348515625 0.685202603125 0.6139026515625 0.7059340140625 0.62323074375 0.7590238421875 0.638539528125 0.7991610484375 0.6485868671875 0.7992784734375 0.65583446875 0.7880261015625 0.6507386578125 0.750692865625 0.6278776203125 0.695278703125 0.6240390062500001 0.6674563796874999 0.6154446578125 0.667079071875 0.5769061843750001 0.5458750046875 0.5730324578125 0.549705978125 0.57568281875 0.56233495 0.6091333031249999 0.6698256890625001 0.6042348515625 0.685202603125
0 0.4805854375 0.5243267625 0.490974015625 0.536292034375 0.513964453125 0.5343913515625001 0.5251031875 0.5374315375000001 0.529509971875 0.53042895625 0.5580930296875 0.5373121015625 0.551823984375 0.52481851875 0.532494796875 0.51821499375 0.5269385171875001 0.5079006015624999 0.515965571875 0.5064100234375 0.5058582671875 0.4943867234375 0.4903342984375 0.4911872375 0.4812926578125 0.5000212078125 0.4805854375 0.5243267625
0 0.515012834375 0.44737011718749997 0.507570109375 0.43800881093750005 0.4833534890625 0.4442317015625 0.46255289375 0.439615284375 0.44477270625000004 0.44686655468750003 0.4327508625 0.45748777343749997 0.4275144390625 0.46972578125000003 0.42896240781249995 0.4870528 0.43554576718750004 0.49561403281249994 0.46391659531249996 0.49338358906249996 0.49073842343749996 0.47729834843749996 0.5102696734375 0.4769574296875 0.51858733125 0.4594599515625 0.60492895625 0.4440710171875 0.6108893625 0.44049651875 0.6140716281249999 0.431764825 0.6112934875 0.4266076296875 0.6034809875 0.4267439984375 0.587653925 0.43396117656250005 0.515012834375 0.44737011718749997
0 0.5489620203125 0.354815996875 0.556407071875 0.3525009265625 0.560722209375 0.35717120625 0.5889505671874999 0.3558532234375 0.59140885 0.3384580203125 0.5886307093750001 0.33330082499999997 0.573106740625 0.3301013390625 0.5563352203124999 0.334574296875 0.549669240625 0.3305104421875 0.545560928125 0.3375230703125 0.481612021875 0.332714859375 0.4808033546875 0.3401110296875 0.545358865625 0.344467515625 0.5489620203125 0.354815996875
0 0.5620367953125001 0.27119992187499997 0.55985635 0.2849475453125 0.5164907375000001 0.3067961125 0.5060589 0.3185785765625 0.51985044375 0.31541386718750003 0.5623983031249999 0.29558366875000003 0.568476521875 0.3048341125 0.5780233031249999 0.2953109328125 0.6293097109375 0.27706343125 0.6323909453125001 0.271803959375 0.6328961015625 0.2544428484375 0.6282658671875 0.24584752187499997 0.6105867109374999 0.2496265734375 0.5748028578125 0.270977090625 0.5620367953125001 0.27119992187499997
0 0.4508345875 0.23853322187499998 0.44066483593749994 0.2525925703125 0.40099614843750003 0.2741077421875 0.3797306 0.300507375 0.3791244125 0.3213407078125 0.387559865625 0.33334007187500003 0.39249319374999997 0.33151873125 0.41736189687499997 0.31546758124999996 0.4397555546875 0.2838425703125 0.4596909296875 0.2696127625 0.4610211015625 0.25744293906250004 0.4701637734375 0.245136746875 0.51815011875 0.206124096875 0.531401103125 0.18680527656249998 0.522561525 0.18869480156250001 0.4613153171875 0.24501163125 0.4508345875 0.23853322187499998
0 0.2802050484375 0.4670913875 0.2723925484375 0.4672277546875 0.2345759546875 0.4921810578125 0.2274874390625 0.500980934375 0.2270833140625 0.5148698234375 0.231713546875 0.52346515 0.23469375 0.5216779015624999 0.2674759859375 0.5020181609375001 0.2855592671875 0.48435022187500004 0.2933717671875 0.4842138546875 0.3075487984375 0.4666141 0.35122476874999997 0.4415585234375 0.36725389375 0.4273968984375 0.37043615937499996 0.4186652046875 0.30394564375 0.45626561875 0.29027376875 0.45650426250000004 0.2802050484375 0.4670913875
0 0.4307642078125 0.3915837359375 0.3834850828125 0.4062908296875 0.36848303437499996 0.418699296875 0.38801428437499996 0.41835837812500004 0.4205944578125 0.40564308281250006 0.4459850828125 0.40519988749999997 0.45204652031250003 0.39815316875 0.4775381765625 0.3942377515625 0.4934662703125 0.3835483484375 0.5032318953125 0.38337788906250003 0.5064141609374999 0.374646196875 0.5001338953125 0.3556682953125 0.44083292656250006 0.380996609375 0.4307642078125 0.3915837359375
0 0.41974035781249996 0.548996278125 0.37064670624999996 0.5535442390624999 0.35642721875 0.5646689984375 0.3540699671875 0.578591978125 0.3584981390625 0.5941317484375 0.3809085609375 0.595475803125 0.39850827187500004 0.585222653125 0.4215032953125 0.5756796953125 0.42726163906250003 0.57904964375 0.43627909374999996 0.5618898578125 0.5102021718749999 0.5463677828125 0.5133844375 0.5376360890625 0.44770217187499994 0.547458725 0.43660145312500004 0.550811128125 0.430326109375 0.54082110625 0.41974035781249996 0.548996278125
0 0.37245669062500003 0.8052880468750001 0.3771057296875 0.8159163109375 0.39427972968749997 0.829498371875 0.42943597968749997 0.8288847171875 0.443469484375 0.836705384375 0.45052309062499996 0.8284180421875 0.4944223140625 0.8442617406249999 0.510273303125 0.843985059375 0.49744480468749996 0.8329479953125001 0.45164346875000005 0.8171374984374999 0.4471640234375 0.8022948828124999 0.4368526828125 0.8027563875 0.41402843593750005 0.78706430625 0.4096543671875 0.784650509375 0.4035967796875 0.780771325 0.379526503125 0.780108953125 0.372879621875 0.7934320953125 0.37245669062500003 0.8052880468750001
0 0.2852054359375 0.5971463078125 0.30187427968749997 0.62808948125 0.31175769999999997 0.6574158625 0.318410140625 0.655801378125 0.34211518281250003 0.7210894578125 0.3496920625 0.729577871875 0.3224712375 0.65235219375 0.324806621875 0.6450414890625 0.323156590625 0.6346589140625001 0.31749927968749997 0.6278167453125 0.3052418421875 0.5794442765625 0.291351140625 0.5536583 0.285491765625 0.5537605765625 0.27949219062499997 0.5613253484375 0.2782011875 0.569504896875 0.2852054359375 0.5971463078125
0 0.2676776046875 0.6963603296875001 0.2751870109375 0.7066406296875 0.28512537656250003 0.7092584484375 0.287366303125 0.7030257984375 0.3603251625 0.754678934375 0.362326953125 0.7498580828125 0.2931692609375 0.6924449140625 0.28781504375 0.6751860781250001 0.27239210625 0.66851436875 0.24595763750000002 0.6377416546875 0.2247763578125 0.6277 0.21881595156250003 0.6312744984374999 0.213579528125 0.6435125046875 0.213175403125 0.6574013937500001 0.2310733875 0.679646965625 0.2676776046875 0.6963603296875001
0 0.4276934921875 0.6935672421875 0.4390081171875 0.7072515796875 0.44869713593749994 0.7034856375 0.501005834375 0.7474424859375 0.5019713296874999 0.7431879203125 0.45019979374999997 0.6952332625000001 0.44958199375 0.6793033421875 0.43045486874999994 0.665755371875 0.40977874375 0.63835260625 0.39435580625 0.6316808968750001 0.385213134375 0.6439870890625 0.384809009375 0.657875978125 0.4045590875 0.683559678125 0.4276934921875 0.6935672421875
0 0.518267028125 0.6381941640625 0.51490713125 0.6482138468749999 0.52434523125 0.6641165109375 0.527325434375 0.6623292609375 0.5500221859375001 0.6202875828125001 0.5544335921875 0.6028582874999999 0.5651487421875 0.58852371875 0.5623333234375 0.5774186375 0.6128592515625 0.47343149218749997 0.6121352671875 0.4647679828125 0.5593703062500001 0.57138623125 0.5493824671875001 0.5751827859375 0.5471262484375 0.5856335453125 0.518267028125 0.6381941640625
0 0.4125803375 0.21143728281250002 0.4180355875 0.2252238953125 0.42599842343749994 0.22387836718749998 0.45103665 0.2315887765625 0.474579753125 0.22798840937499998 0.474255321875 0.2051550546875 0.4657188375 0.1966279109375 0.4445896453125 0.19515788125 0.42724080156250005 0.198615803125 0.42149571718749995 0.1955609859375 0.4142062046875 0.20199842812500002 0.34472611875000003 0.1952693890625 0.341644884375 0.200528859375 0.344423025 0.20568605624999997 0.4125803375 0.21143728281250002
0 0.22935674062500003 0.33610151718750003 0.201507834375 0.353939915625 0.1772620828125 0.382126796875 0.1680183796875 0.3979052109375 0.165560096875 0.4153004125 0.17194139375 0.43080609062499997 0.18263306562499998 0.43235469687499994 0.2096569578125 0.4093250109375 0.23636098906249997 0.36374292812500003 0.252390115625 0.349581303125 0.259900971875 0.3400659703125 0.256196634375 0.3294321359375 0.36093716875 0.20788277812499997 0.3512290078125 0.206523884375 0.25214613125 0.3208421578125 0.248441790625 0.31020834375 0.22935674062500003 0.33610151718750003