0 0.49919457187500005 0.5589852828125 0.5100074625000001 0.571701034375 0.5329455234375 0.5714034796874999 0.5441972500000001 0.575228428125 0.548362103125 0.5685196312499999 0.5772030359375 0.577414684375 0.5704937359375 0.5644574953125 0.550922084375 0.5564894625 0.54500210625 0.5457657171875 0.5339704015625 0.5435051171875 0.523436928125 0.5307508796875 0.5077917281250001 0.5264597875 0.4990531671875 0.534679728125 0.49919457187500005 0.5589852828125
0 0.530954665625 0.4842785390625 0.5231803875 0.47437795937500005 0.4991663828125 0.478920803125 0.478191840625 0.4728410703125 0.46065411718749993 0.4788642828125 0.44899596875 0.48866679687500003 0.444183859375 0.500563678125 0.4462379890625 0.518027146875 0.45312442812500003 0.5270659578125 0.481434640625 0.5268140515625 0.5077109234375 0.5125708984374999 0.5272421734375 0.5135944875 0.5349536703125 0.49664281250000003 0.6208103671874999 0.4872577171875 0.626649540625 0.48409257187500004 0.6295287265625 0.47556555312500004 0.6265687375 0.4702036828125 0.6187562375 0.469794246875 0.6031716390625 0.47591981875 0.530954665625 0.4842785390625
0 0.5616913968749999 0.3939091703125 0.5690601140625 0.3921097890625 0.573541028125 0.3970911875 0.601740559375 0.3977436390625 0.6035926796875 0.3804848875 0.6006326921875 0.375123015625 0.584987490625 0.37083192343750004 0.568361996875 0.37414167656249997 0.561549990625 0.369603615625 0.5576841421875 0.3763433421875 0.49352828125 0.3670554296875 0.4929774875 0.3744101171875 0.55772454375 0.3832877875 0.5616913968749999 0.3939091703125
0 0.5718532171875 0.311036940625 0.57015168125 0.3246601140625 0.5275228546874999 0.34352193125 0.5174962468750001 0.354599190625 0.5311856500000001 0.3523920515625 0.5730667328125 0.335495546875 0.5794717984375 0.3451896625 0.5886917328125 0.33631441875 0.639371978125 0.3216146390625 0.642271365625 0.3165598453125 0.6421703609375 0.299198734375 0.6372370468749999 0.29026227968749996 0.619679121875 0.2928132734375 0.5846192796875 0.31170598125 0.5718532171875 0.311036940625
0 0.45944206875000004 0.27053095 0.44975724687499996 0.28390804531249997 0.4108159515625 0.3026941984375 0.3904596453125 0.327661096875 0.39058085 0.3484944296875 0.399440615625 0.3611078234375 0.40431332812500004 0.359627609375 0.42863648593750003 0.345282096875 0.44993905468750006 0.31515804531249997 0.46938950156250003 0.3022927453125 0.4702953609375 0.290191146875 0.4790137203125 0.278498984375 0.5256665125 0.2427611546875 0.5382507203125 0.224329265625 0.5294717578125 0.22560476093749998 0.4701554984375 0.277755121875 0.45944206875000004 0.27053095
0 0.44470590468750004 0.4224898578125 0.39791170781249996 0.43392212968750005 0.3833339734375 0.44530721562500003 0.40286522343750003 0.4463308046875 0.4350210828125 0.43586695000000003 0.4604117078125 0.437197615625 0.46623068125 0.4305602484375 0.4916011046875 0.42841869375 0.507165503125 0.4188208984375 0.516931128125 0.4193326921875 0.5198103125 0.4108056765625 0.5128632718749999 0.391350196875 0.4544109265625 0.412584984375 0.44470590468750004 0.4224898578125
0 0.4008146015625 0.832959975 0.4058377484375 0.8439348156250001 0.4234966765625 0.858744934375 0.4586529265625 0.8605873953125001 0.472968184375 0.8694048859375 0.47973659375000005 0.861593725 0.524216046875 0.8805381296875 0.5400670359374999 0.8813688453124999 0.5268451609375 0.8694126421874999 0.48046359531249994 0.8503685515624999 0.47546292812499996 0.8351826421874999 0.465161421875 0.834924340625 0.4417750921875 0.8176049671875001 0.43731403750000003 0.814880521875 0.43111724531249995 0.8105700312499999 0.407009153125 0.808223840625 0.40082363125000003 0.8211094734375 0.4008146015625 0.832959975
0 0.3062392140625 0.6182961921875 0.3239991453125 0.6504674234375 0.334913040625 0.680544284375 0.3415131390625 0.6793915125 0.3675133171875 0.7464693203125 0.375391340625 0.7555046078125 0.345456221875 0.6762191750000001 0.34753765 0.6690568406249999 0.34552392187500003 0.658537815625 0.3396241453125 0.6512862953125 0.32566945937499997 0.60195866875 0.310869515625 0.5751493125 0.305010140625 0.5748422343749999 0.2992711640625 0.5820030328125 0.2982651078125 0.590108978125 0.3062392140625 0.6182961921875
0 0.2921664984375 0.7164868328125 0.3000396015625 0.7273129359375 0.3100754734375 0.7306307546874999 0.31210004375 0.724542065625 0.38690776875 0.7813999593750001 0.388742375 0.7767092250000001 0.3175369234375 0.7143452781249999 0.31157654375 0.6966770906249999 0.2959111421875 0.6889137734374999 0.268385584375 0.6562307484375001 0.2468406078125 0.6446881328125 0.2410014328125 0.647853278125 0.23618932343750002 0.6597501578125 0.23627012656250002 0.673639046875 0.25495612031250003 0.697180903125 0.2921664984375 0.7164868328125
0 0.5408768234375 0.6757181531249999 0.537864890625 0.6855233625 0.5478642671875 0.7021180765625 0.5507838546875 0.7005355046874999 0.5720258203124999 0.6599947859374999 0.575831065625 0.6428383921874999 0.5860520046875 0.629223640625 0.582846940625 0.6178991796875 0.6297711359375 0.5172322203124999 0.628744071875 0.5085004859375 0.5796713890625 0.6116473953125 0.569810084375 0.6147535375000001 0.5679175625 0.6250678453125 0.5408768234375 0.6757181531249999
0 0.42021796250000004 0.24070599375 0.426158140625 0.25490195937500004 0.43407883125 0.25411028281250003 0.4594016671875 0.2635865046875 0.48283335625 0.2616244390625 0.4817110984375 0.2387219671875 0.472871534375 0.22958079531250003 0.45167810625 0.2266308796875 0.4344394796875 0.2288831796875 0.42858417812500005 0.225420578125 0.421515096875 0.2313615875 0.351757584375 0.21976231875000002 0.348858196875 0.2248171140625 0.35181818593749997 0.2301789859375 0.42021796250000004 0.24070599375
0 0.24123749062500002 0.3528167484375 0.2139947453125 0.368744834375 0.19071885156249999 0.39529430468750004 0.1820206921875 0.41045869062499996 0.180168571875 0.4277174421875 0.1870954125 0.44370069843750004 0.19784770000000002 0.4459997828125 0.2240835828125 0.424812184375 0.249211596875 0.3810039625 0.26475579374999997 0.3679339453125 0.2719388359375 0.35892425625 0.267860771875 0.3480098671875 0.36841913593750003 0.2335344875 0.35865758593749997 0.231494246875 0.263507728125 0.33911929375 0.2594296625 0.3282049265625 0.24123749062500002 0.3528167484375
0 0.3089141296875 0.4541711453125 0.29598475468749996 0.45667228125000003 0.267539225 0.4626005390625 0.25355869375 0.4687569015625 0.237892734375 0.4671409921875 0.23713240937500002 0.48624140625 0.24206572343750002 0.49517785937500003 0.24498531093749998 0.4935952875 0.27132219687500003 0.4897687984375 0.29079284375 0.48037572187500005 0.30641784375 0.48119459375 0.3133367875 0.47109566875000003 0.3668219625 0.46330012812500004 0.3840777328125 0.456255528125 0.383374375 0.45225166093749997 0.3589933828125 0.450436515625 0.3137087015625 0.45813190625000005 0.3089141296875 0.4541711453125
0 0.43892096406250003 0.57822209375 0.3951710859375 0.57484623125 0.37924909218749997 0.582204096875 0.3744369828125 0.594100978125 0.3764709109375 0.608092225 0.385310475 0.6172333953125 0.41166756250000003 0.6168791296875 0.439917171875 0.60621055625 0.449702996875 0.610194575 0.45532723124999996 0.59586888125 0.5257536671875 0.5933532390625 0.532539103125 0.585030940625 0.5295791140625 0.57966906875 0.45538056562499996 0.5792516515624999 0.4494807890625 0.5720001296875 0.44193463125 0.5724233812499999 0.43892096406250003 0.57822209375
0 0.43657654375000005 0.7032280625 0.4483356953125 0.710786659375 0.46210857499999997 0.7288642828125 0.46410210156250004 0.7359110875 0.47386772656250004 0.7364228828125 0.52220804375 0.79539070625 0.5232592 0.7927382187500001 0.4767267109375 0.7244236421875 0.47370612031250003 0.7086451046875 0.46585321874999996 0.7012912234375 0.43432040625 0.65104236875 0.426564678125 0.6459982453124999 0.41867520625 0.646751275 0.4157758203125 0.6518060703125 0.41390349843749996 0.6655926 0.424776990625 0.6887250203125 0.43657654375000005 0.7032280625
0 0.6369637640625 0.746705965625 0.6549661062500001 0.8205438609375 0.6677927234375 0.8437786390625 0.6765716859375 0.8425031437499999 0.6823704578124999 0.832393553125 0.676288875 0.7938920328125 0.649758028125 0.7356461203125 0.64850070625 0.71607011875 0.6367415546874999 0.7085115203125001 0.5968337484374999 0.586488921875 0.59285193125 0.5939093375 0.6330053515625 0.715695371875 0.6279803984375001 0.728306153125 0.6369637640625 0.746705965625