0 0.47748146562500005 0.5329861109375 0.48779926875 0.5451388890625 0.5107984421875 0.54363874375 0.5219183296875001 0.546875 0.5263654671875 0.5399458203124999 0.5549055109375 0.5473316359375 0.5487099015625 0.534722221875 0.52942115625 0.527777778125 0.5239255390625 0.5173611109375 0.5129623953125 0.51567814375 0.502926175 0.503472221875 0.48742242812500003 0.5 0.4783302328125 0.5086805562500001 0.47748146562500005 0.5329861109375
0 0.5123537640625 0.45659159843749997 0.504966340625 0.44709555625 0.480715925 0.452898690625 0.45994434218749997 0.4479166671875 0.44212371250000004 0.4548611109375 0.43004120468749996 0.46527777812500004 0.42473400781250004 0.47743055625 0.42608086875 0.4947916671875 0.432613675 0.503472221875 0.46099461406250003 0.5017361109375 0.4879074390625 0.4861111109375 0.5074386890625 0.4861111109375 0.5158574515625001 0.46875 0.6022799625 0.4548611109375 0.608260590625 0.4513888890625 0.611493409375 0.4427083328125 0.6087456015625 0.4375 0.6009331015625 0.4375 0.5850655953125 0.44444444375 0.5123537640625 0.45659159843749997
0 0.54683878125 0.3645833328125 0.5542965640624999 0.36239710625 0.55858405 0.36714511875 0.58681721875 0.36631944375000003 0.58937660625 0.3489583328125 0.5866287984375 0.34375 0.57112505 0.34027777812500004 0.5543291734375 0.3444601125 0.54768755 0.34027777812500004 0.5435387953124999 0.34722222187499996 0.47962440937500006 0.34129476875 0.47877272968750006 0.348680575 0.5432962906250001 0.3541666671875 0.54683878125 0.3645833328125
0 0.5603994328125 0.28115310625 0.5581391046874999 0.2948696359375 0.5146505984374999 0.3159719703125 0.50415116875 0.32757824062499996 0.5179597499999999 0.32465277812500004 0.560618828125 0.30555555624999997 0.5666425265624999 0.31491685 0.576243828125 0.30555555624999997 0.627631340625 0.28819444375000003 0.6307429078125 0.2829861109375 0.6313491703125 0.265625 0.6267694890625 0.25694444375000003 0.6090701125 0.2604166671875 0.5731654953125 0.28115310625 0.5603994328125 0.28115310625
0 0.44939887343749996 0.246527778125 0.4391482375 0.2604166671875 0.3993582203125 0.28125 0.3779410140625 0.3072916671875 0.377213496875 0.328125 0.38557817499999997 0.34027777812500004 0.39052161406249997 0.3385416671875 0.41548131406250005 0.3229166671875 0.4380569625 0.2916666671875 0.45807322343749995 0.27777777812500004 0.4594741703125 0.265625 0.4686876171875 0.25347222187499996 0.516896396875 0.215277778125 0.5302585984375 0.19618055625 0.5214089109375 0.1979166671875 0.45984078906250003 0.2531925140625 0.44939887343749996 0.246527778125
0 0.42843875468750003 0.39930555624999997 0.3810787453125 0.41319444375 0.3660059234375 0.42534722187499996 0.3855371734375 0.42534722187499996 0.4181881203125 0.41319444375 0.4435787453125 0.41319444375 0.44968062499999994 0.40625 0.475192503125 0.40277777812500004 0.4911812609375 0.3923611109375 0.5009468859374999 0.3923611109375 0.5041797046875 0.38368055624999997 0.49801065624999996 0.3645833328125 0.4385681375 0.3888888890625 0.42843875468750003 0.39930555624999997
0 0.3677266375 0.8122018125 0.3723132765625 0.8229166671874999 0.389406390625 0.8368055562500001 0.42456264062500004 0.8368055562500001 0.4385491484375 0.8448752765625 0.4456503265625 0.8367069078125 0.48945276875 0.853325309375 0.5053037578125 0.853325309375 0.49254087343749997 0.8420586 0.44683631874999996 0.8254401984375 0.4424438109375 0.8105118109375 0.43213083281250003 0.8107934734375 0.40940033906249995 0.7946948171875 0.40504077968749996 0.79220340625 0.3990064109375 0.7882164609375 0.3749424421875 0.787133390625 0.36821860625 0.800347221875 0.3677266375 0.8122018125
0 0.2816970359375 0.6024305562500001 0.2981838875 0.6336805562500001 0.3078954265625 0.6631944437499999 0.3145565984375 0.6616953171875 0.337878815625 0.7274305562500001 0.34540546562499996 0.7360556046875 0.3186373796875 0.6583153015625001 0.3210151234375 0.6510416671875 0.31942575781250004 0.640625 0.3138088875 0.6336805562500001 0.30183455000000003 0.5850694437499999 0.2880955078125 0.559027778125 0.2822361328125 0.559027778125 0.2761930890625 0.56649161875 0.2748545578125 0.574652778125 0.2816970359375 0.6024305562500001
0 0.2635928984375 0.7013888890625 0.2710416390625 0.7118055562500001 0.28096374062499996 0.71459826875 0.28324075625 0.7084015859374999 0.355891228125 0.76135511875 0.3579209046875 0.7565667765625 0.289104775 0.6979166671875 0.2838516640625 0.6805555562500001 0.26846916875 0.6736111109375 0.24221669375000002 0.6423611109375 0.2210960765625 0.6319444437499999 0.21511544843750002 0.6354166671875 0.2098082515625 0.6475694437499999 0.209323240625 0.6614583328125 0.2270897859375 0.684027778125 0.2635928984375 0.7013888890625
0 0.5144957515625 0.6475694437499999 0.5110778140625001 0.657535540625 0.52042229375 0.6736111109375 0.5234126078125 0.671875 0.546352015625 0.6302083328125 0.550864528125 0.612847221875 0.5616621109375 0.598692496875 0.5589116859375001 0.5875326046875 0.6100383765624999 0.484375 0.609364946875 0.47569444375 0.55598411875 0.5814453875 0.5459751749999999 0.5850694437499999 0.5436582921875 0.5954861109375 0.5144957515625 0.6475694437499999
0 0.41130639375 0.21875 0.41668075781249997 0.23263888906250002 0.42465062500000006 0.23143173906249997 0.44964137812500005 0.23958333281250002 0.47320306562500003 0.236392290625 0.47301171093749994 0.21354166718749998 0.4645257796875 0.20486111093749998 0.44340730156249997 0.20302133437499997 0.42604007499999996 0.206178034375 0.4203133734375 0.20302133437499997 0.41298709375 0.20933474375 0.34355328281249997 0.20138888906250002 0.34044171562500003 0.206597221875 0.343189525 0.21180555625 0.41130639375 0.21875
0 0.22737504999999997 0.34027777812500004 0.1994250375 0.3576388890625 0.175017515625 0.3854166671875 0.165682815625 0.4010416671875 0.163123428125 0.41840277812500004 0.169413728125 0.43402777812500004 0.1800952890625 0.4357638890625 0.20725062031250002 0.41319444375 0.23421752968749998 0.36805555624999997 0.25032754062499996 0.3541666671875 0.2578930765625 0.34477766875000004 0.254251075 0.33407373749999997 0.35968918906249997 0.214291796875 0.3499899328125 0.21276267031249999 0.2502510359375 0.32540865625 0.2466090328125 0.314704746875 0.22737504999999997 0.34027777812500004
0 0.2910659296875 0.4381152234375 0.27800701875 0.44129492812500004 0.24925915468749998 0.448716215625 0.2349978875 0.45560736874999996 0.21936432031250003 0.454812234375 0.21782401093749998 0.4739583328125 0.22240369062499998 0.4826388890625 0.22539400468749998 0.48090277812500004 0.251943071875 0.47569444375 0.2718380796875 0.46527777812500004 0.2874630796875 0.46527777812500004 0.294808340625 0.45481305625 0.34872541875 0.44421124375 0.366305115625 0.4362598828125 0.3657634171875 0.4322916671875 0.341404325 0.4317541109375 0.2957093359375 0.4418258421875 0.2910659296875 0.4381152234375
0 0.4162952125 0.5553885578125 0.37258946875 0.5543052 0.35633362968750004 0.5625 0.3510264328125 0.574652778125 0.352494546875 0.5885416671875 0.360980478125 0.597222221875 0.3874082921875 0.5954861109375 0.41615298906250003 0.5833333328125 0.4257973609375 0.5868055562500001 0.4320173921875 0.57218065 0.5026967515625 0.565972221875 0.509835821875 0.5572916671875 0.5070880125 0.5520833328125 0.432748009375 0.5555555562500001 0.42713114062499996 0.5486111109375 0.41955161875 0.5494300890625 0.4162952125 0.5553885578125
0 0.40885166406250006 0.6805555562500001 0.4203279078125 0.6875 0.4333935203125 0.7048611109375 0.4351041390625 0.7118055562500001 0.4448697640625 0.7118055562500001 0.4909103234375 0.7682571828125 0.49207181406249995 0.7655487812499999 0.4482238359375 0.699652778125 0.4458397859375 0.684027778125 0.43826979218749995 0.6770833328125 0.4087173296875 0.628472221875 0.401150590625 0.62383314375 0.39321358125 0.625 0.390102015625 0.6302083328125 0.3876638796875 0.644097221875 0.397617925 0.6666666671875 0.40885166406250006 0.6805555562500001
0 0.6078950765625 0.7135416671875 0.6229268953125 0.7864583328125 0.634834065625 0.809027778125 0.643683753125 0.8072916671874999 0.6499068875 0.796875 0.6453812906249999 0.7586805562500001 0.6211673640625001 0.7018077265625 0.6207051 0.6822916671875 0.6092288546875 0.675347221875 0.574208365625 0.555379525 0.5699156546874999 0.563010946875 0.6051919234375001 0.68272913125 0.5996423359375 0.6956071859375 0.6078950765625 0.7135416671875