0 0.5478515625 0.527777778125 0.5419921875 0.5173611109375 0.5309702734374999 0.51567814375 0.5205078125 0.503472221875 0.5048828125 0.5 0.49609375 0.5086805562500001 0.49609375 0.5329861109375 0.5068359375 0.5451388890625 0.529782725 0.54363874375 0.541015625 0.546875 0.545220790625 0.5399458203124999 0.5740187531250001 0.5473316359375 0.5673828125 0.534722221875 0.5478515625 0.527777778125
0 0.6181640625 0.4548611109375 0.6240234375 0.4513888890625 0.626953125 0.4427083328125 0.6240234375 0.4375 0.6162109375 0.4375 0.6005859375 0.44444444375 0.52829829375 0.45659159843749997 0.5205792609375 0.44709555625 0.49653149531249996 0.452898690625 0.4755859375 0.4479166671875 0.4580078125 0.4548611109375 0.4462890625 0.46527777812500004 0.44140625 0.47743055625 0.443359375 0.4947916671875 0.4501953125 0.503472221875 0.478515625 0.5017361109375 0.5048828125 0.4861111109375 0.5244140625 0.4861111109375 0.5322265625 0.46875 0.6181640625 0.4548611109375
0 0.5663579859375 0.3444601125 0.5595703125 0.34027777812500004 0.5556640625 0.34722222187499996 0.49154268593749995 0.34129476875 0.4909489234375 0.348680575 0.5556640625 0.3541666671875 0.5595703125 0.3645833328125 0.5669517500000001 0.36239710625 0.571405040625 0.36714511875 0.599609375 0.36631944375000003 0.6015625 0.3489583328125 0.5986328125 0.34375 0.5830078125 0.34027777812500004 0.5663579859375 0.3444601125
0 0.6376953125 0.28819444375000003 0.640625 0.2829861109375 0.640625 0.265625 0.6357421875 0.25694444375000003 0.6181640625 0.2604166671875 0.582983578125 0.28115310625 0.570217515625 0.28115310625 0.5684361796874999 0.2948696359375 0.5256845828125 0.3159719703125 0.515590453125 0.32757824062499996 0.529296875 0.32465277812500004 0.5712890625 0.30555555624999997 0.577639665625 0.31491685 0.5869140625 0.30555555624999997 0.6376953125 0.28819444375000003
0 0.46875 0.265625 0.4775390625 0.25347222187499996 0.5244140625 0.215277778125 0.537109375 0.19618055625 0.5283203125 0.1979166671875 0.46868246718749995 0.2531925140625 0.4580078125 0.246527778125 0.4482421875 0.2604166671875 0.4091796875 0.28125 0.388671875 0.3072916671875 0.388671875 0.328125 0.3974609375 0.34027777812500004 0.40234375 0.3385416671875 0.4267578125 0.3229166671875 0.4482421875 0.2916666671875 0.4677734375 0.27777777812500004 0.46875 0.265625
0 0.4892578125 0.40277777812500004 0.5048828125 0.3923611109375 0.5146484375 0.3923611109375 0.517578125 0.38368055624999997 0.5107421875 0.3645833328125 0.4521484375 0.3888888890625 0.4423828125 0.39930555624999997 0.3955078125 0.41319444375 0.380859375 0.42534722187499996 0.400390625 0.42534722187499996 0.4326171875 0.41319444375 0.4580078125 0.41319444375 0.4638671875 0.40625 0.4892578125 0.40277777812500004
0 0.3359375 0.6336805562500001 0.322265625 0.5850694437499999 0.3076171875 0.559027778125 0.3017578125 0.559027778125 0.2959754125 0.56649161875 0.294921875 0.574652778125 0.302734375 0.6024305562500001 0.3203125 0.6336805562500001 0.3310546875 0.6631944437499999 0.3376635078125 0.6616953171875 0.36328125 0.7274305562500001 0.37110909375 0.7360556046875 0.34162625625 0.6583153015625001 0.34375 0.6510416671875 0.341796875 0.640625 0.3359375 0.6336805562500001
0 0.2646484375 0.6423611109375 0.2431640625 0.6319444437499999 0.2373046875 0.6354166671875 0.232421875 0.6475694437499999 0.232421875 0.6614583328125 0.2509765625 0.684027778125 0.2880859375 0.7013888890625 0.2958984375 0.7118055562500001 0.30591806250000003 0.71459826875 0.307978684375 0.7084015859374999 0.382478334375 0.76135511875 0.3843407984375 0.7565667765625 0.3134765625 0.6979166671875 0.3076171875 0.6805555562500001 0.2919921875 0.6736111109375 0.2646484375 0.6423611109375
0 0.5794287765624999 0.5875326046875 0.626953125 0.484375 0.6259765625 0.47569444375 0.5762886390624999 0.5814453875 0.56640625 0.5850694437499999 0.564453125 0.5954861109375 0.537109375 0.6475694437499999 0.5340394609375 0.657535540625 0.5439453125 0.6736111109375 0.546875 0.671875 0.568359375 0.6302083328125 0.572265625 0.612847221875 0.5825689140625 0.598692496875 0.5794287765624999 0.5875326046875
0 0.43323997031249994 0.206178034375 0.427403034375 0.20302133437499997 0.42029722343750003 0.20933474375 0.3505859375 0.20138888906250002 0.34765625 0.206597221875 0.3505859375 0.21180555625 0.4189453125 0.21875 0.4248046875 0.23263888906250002 0.4327324 0.23143173906249997 0.4580078125 0.23958333281250002 0.48145806562500004 0.236392290625 0.48046875 0.21354166718749998 0.4716796875 0.20486111093749998 0.45049696250000004 0.20302133437499997 0.43323997031249994 0.206178034375
0 0.269932978125 0.34477766875000004 0.26591718750000004 0.33407373749999997 0.3671724234375 0.214291796875 0.35741976875 0.21276267031249999 0.26161455624999996 0.32540865625 0.25759876406250004 0.314704746875 0.2392578125 0.34027777812500004 0.2119140625 0.3576388890625 0.1884765625 0.3854166671875 0.1796875 0.4010416671875 0.177734375 0.41840277812500004 0.1845703125 0.43402777812500004 0.1953125 0.4357638890625 0.2216796875 0.41319444375 0.2470703125 0.36805555624999997 0.2626953125 0.3541666671875 0.269932978125 0.34477766875000004
0 0.3106907625 0.45481305625 0.36423761718750003 0.44421124375 0.38153964687499997 0.4362598828125 0.380859375 0.4322916671875 0.3564815109375 0.4317541109375 0.311138234375 0.4418258421875 0.30636525 0.4381152234375 0.2934173765625 0.44129492812500004 0.2649286703125 0.448716215625 0.250908046875 0.45560736874999996 0.2352467140625 0.454812234375 0.234375 0.4739583328125 0.2392578125 0.4826388890625 0.2421875 0.48090277812500004 0.2685546875 0.47569444375 0.2880859375 0.46527777812500004 0.3037109375 0.46527777812500004 0.3106907625 0.45481305625
0 0.5224609375 0.565972221875 0.529296875 0.5572916671875 0.5263671875 0.5520833328125 0.4521484375 0.5555555562500001 0.4462890625 0.5486111109375 0.43873814062500005 0.5494300890625 0.4356898078125 0.5553885578125 0.39194623281249996 0.5543052 0.3759765625 0.5625 0.37109375 0.574652778125 0.373046875 0.5885416671875 0.3818359375 0.597222221875 0.408203125 0.5954861109375 0.4365234375 0.5833333328125 0.4462890625 0.5868055562500001 0.45199838124999997 0.57218065 0.5224609375 0.565972221875
0 0.4306640625 0.628472221875 0.4229353234375 0.62383314375 0.4150390625 0.625 0.412109375 0.6302083328125 0.41015625 0.644097221875 0.4208984375 0.6666666671875 0.4326171875 0.6805555562500001 0.4443359375 0.6875 0.4580078125 0.7048611109375 0.4599609375 0.7118055562500001 0.4697265625 0.7118055562500001 0.5177384546875 0.7682571828125 0.5188053671875 0.7655487812499999 0.47265625 0.699652778125 0.4697265625 0.684027778125 0.4619140625 0.6770833328125 0.4306640625 0.628472221875
0 0.64453125 0.6822916671875 0.6328125 0.675347221875 0.5936026453125 0.555379525 0.5895764296875 0.563010946875 0.62903335 0.68272913125 0.6239334734375 0.6956071859375 0.6328125 0.7135416671875 0.650390625 0.7864583328125 0.6630859375 0.809027778125 0.671875 0.8072916671874999 0.677734375 0.796875 0.671875 0.7586805562500001 0.6456750296875 0.7018077265625 0.64453125 0.6822916671875
0 0.46370137656250004 0.7874874375 0.4482421875 0.7743055562500001 0.4287109375 0.753472221875 0.4052734375 0.75 0.400390625 0.7586805562500001 0.3984375 0.7725694437499999 0.4091796875 0.7916666671875 0.4208984375 0.8020833328125001 0.4580078125 0.8125 0.4658203125 0.8229166671874999 0.474321546875 0.813682534375 0.5299585296875 0.8483276640625 0.5263671875 0.8333333328125001 0.47669919531250005 0.8010074859375 0.4736328125 0.7881944437499999 0.46370137656250004 0.7874874375