0 0.47437622968750004 0.5474209640625001 0.4846232296875 0.5598863093750001 0.5076311437500001 0.559053846875 0.5187321765624999 0.562616946875 0.523219684375 0.555810125 0.5517166984374999 0.5640338765624999 0.5455945515625 0.551231375 0.526346265625 0.54371863125 0.5209113375000001 0.5331314734375 0.5099579999999999 0.5311278015625 0.4999928921875 0.518617453125 0.4845093734375 0.5146905890625 0.47536660625 0.523115409375 0.47437622968750004 0.5474209640625001
0 0.5096936125 0.471963509375 0.5023615125 0.46224286562500005 0.4780772875 0.46734628125000005 0.45733473125 0.4617548046875 0.43947364218749996 0.4681877765625 0.42733044531250003 0.4782634640625 0.4219524453125 0.490274165625 0.42319815937499994 0.5076921078125001 0.4296803921875 0.5165715671875 0.4580714453125 0.5156594937500001 0.485075303125 0.5008017 0.504606553125 0.5013700015625 0.5131264640625 0.4842362109375 0.5996298921875 0.47284784843749994 0.60563075 0.46954611718750006 0.6089141421875001 0.46095080624999996 0.606196678125 0.45565722812500004 0.598384178125 0.45542990781250003 0.5824762140625 0.46191970937500004 0.5096936125 0.471963509375
0 0.5447146796875 0.380865165625 0.5521852 0.3788937171875 0.5564450234375 0.3837713078125 0.585016259375 0.3889049828125 0.5873435375 0.3664620140625 0.584395234375 0.365198778125 0.569373384375 0.359967675 0.5523223125000001 0.360939446875 0.54570505625 0.3565596109375 0.541515840625 0.3633903953125 0.47882193281249996 0.352535353125 0.47751582656249997 0.35926888749999997 0.5412328765625001 0.370334840625 0.5447146796875 0.380865165625
0 0.5587614046875 0.297744740625 0.5564211625000001 0.3114094390625 0.5128097109375 0.3312678296875 0.5022426624999999 0.342580390625 0.5160682875 0.34005374375 0.558838628125 0.32217837031249996 0.5648077875 0.33172444843750004 0.574463628125 0.3226330109375 0.6259522890625 0.30674948281250003 0.6290942 0.3016263953125 0.6298016109375 0.284265284375 0.6252725031249999 0.27544265156250003 0.6075528968749999 0.2784034046875 0.5715274671875 0.2981161953125 0.5587614046875 0.297744740625
0 0.44796257500000003 0.25985444375 0.43763102187499997 0.27345918281250003 0.397719628125 0.2931559125 0.3761506984375 0.3186008640625 0.37530180625 0.339434196875 0.38359568125 0.3518427109375 0.388549234375 0.350248675 0.41359996718750003 0.33533405156249996 0.43635768124999996 0.30470918281250003 0.4564548609375 0.2913885953125 0.45792661093750003 0.27926423125 0.46721086093749997 0.2673671890625 0.515642165625 0.23053666874999998 0.5291156296875 0.2118088421875 0.5202558265625 0.21328921875 0.4583656625 0.26682978125 0.44796257500000003 0.25985444375
0 0.4261123578125 0.41217758125000004 0.379243009375 0.428661240625 0.3610852578125 0.43807193906249997 0.3627952109375 0.44284676875000006 0.3833003765625 0.4420334 0.4278839921875 0.422813475 0.4322971375 0.42745391718750003 0.4411714296875 0.426521109375 0.44731376875000006 0.41974715625 0.488895321875 0.40705169999999996 0.4989898984375 0.4036293015625 0.5019443406249999 0.3987405421875 0.49756701875 0.3762337328125 0.43630242968750005 0.40204506562500003 0.4261123578125 0.41217758125000004
0 0.5107229421875 0.6631977296875 0.507246940625 0.6730745015624999 0.5164977625 0.689438303125 0.5194981921874999 0.6877874375 0.542680353125 0.6467459015625 0.5472940140625 0.6294984515625 0.5581740640625 0.6156435203124999 0.5554886578125 0.6043922609375 0.60721635625 0.5026174734375 0.6065935 0.49390850156250005 0.5525965546875 0.598213675 0.5425664968749999 0.6015501828125001 0.540188925 0.61191001875 0.5107229421875 0.6631977296875
0 0.4100319328125 0.23094006406249998 0.4153253796875 0.24499944375 0.4233022796875 0.244022965625 0.4482455390625 0.2529099984375 0.4718258171875 0.2504012890625 0.47176759375 0.22752187968749998 0.46333223749999997 0.2185855875 0.44222447656249997 0.2161294578125 0.424838859375 0.21878402968750002 0.41913054843750003 0.21545749218750002 0.41176748593749996 0.22156414375 0.34237996875 0.21158989843749998 0.3392380578125 0.21671298593750002 0.341955521875 0.222006565625 0.4100319328125 0.23094006406249998
0 0.22539255625000001 0.34723946875 0.19734139374999998 0.3638049578125 0.1727720375 0.390900775 0.1633463046875 0.40627003906250003 0.16068576875 0.4235743203125 0.16688503593749998 0.439398225 0.1775564828125 0.441446903125 0.2048433046875 0.4196446640625 0.23207319843750002 0.37524456875 0.2482641265625 0.3618103203125 0.25588436406250004 0.352631915625 0.25230472656249997 0.34181113750000003 0.3584407015625 0.22497542343750002 0.34875035468750004 0.2231625234375 0.24835517031249998 0.3330208625 0.244775528125 0.3222001046875 0.22539255625000001 0.34723946875
0 0.288513421875 0.4470295421875 0.2754359859375 0.44983250156250004 0.24664488593749997 0.456424853125 0.23268990781249999 0.4602391359375 0.2167145359375 0.46165721406250004 0.21506267812500002 0.4807779484375 0.21959178437500002 0.48960057968750004 0.2225922140625 0.48794971406250004 0.249171625 0.4835085875 0.26912732031250003 0.47366022343749997 0.28475232031250003 0.47411486406250003 0.29215855 0.463853234375 0.3461373953125 0.4548094765625 0.36376341874999996 0.44736155312500003 0.3632448390625 0.44337354375000004 0.3388888796875 0.4421266640625 0.2931352109375 0.450879040625 0.288513421875 0.4470295421875
0 0.4130594578125 0.5680658359375 0.3693600265625 0.5657096703125 0.35305644375 0.5734397999999999 0.34767844375 0.585450503125 0.3490656390625 0.599396221875 0.357500996875 0.6083325125 0.383938925 0.607363609375 0.412754425 0.5960348671875 0.42237856875 0.5997912421875 0.42868380625 0.585332459375 0.49939933593749997 0.5811742828125 0.5065889796875 0.5726926328124999 0.503871515625 0.567399053125 0.4295112828125 0.5687117328125 0.42393487343749997 0.561596796875 0.41635057968750006 0.562196065625 0.4130594578125 0.5680658359375
0 0.6037379046875 0.7319546296875 0.618344903125 0.8053827671875 0.63012058125 0.8283216078125 0.6389803859375001 0.8268412328125001 0.64526420625 0.8165950562500001 0.6409611359375 0.778230121875 0.61707855625 0.7205949515625 0.6167299953125001 0.7010456109375001 0.605294209375 0.6937601843750001 0.5709726640625 0.5726515984375 0.5666354921875 0.58016586875 0.6012142703125 0.7010321328125 0.595589653125 0.7137617953125 0.6037379046875 0.7319546296875
0 0.3769217421875 0.8035725796875001 0.388216046875 0.8143302265625 0.424900975 0.825826665625 0.43228902812500003 0.8364706546875 0.44116652500000003 0.82748388125 0.4953918265625 0.8637478828124999 0.49241145625 0.848649053125 0.44406064062499995 0.814878015625 0.44151635 0.8019757515625001 0.43161372187499997 0.8009797703125001 0.416691653125 0.787348071875 0.39800929687500003 0.7659464359375 0.3747132796875 0.761792253125 0.3694767609375 0.7703307328125 0.36695770781250003 0.784162790625 0.3769217421875 0.8035725796875001
0 0.42217013750000004 0.710861346875 0.431364928125 0.7256460390624999 0.43897105937500003 0.727642940625 0.47954987187500003 0.7992992390625 0.48017628593749995 0.79439175625 0.441730165625 0.717492909375 0.4434118734375 0.7023858046875 0.42576486874999997 0.6749703578124999 0.41425081874999997 0.6435654625 0.3976628734375 0.626790059375 0.3890742875 0.6357688640625 0.388508359375 0.649657753125 0.399093709375 0.6806356234375001 0.41177391406249997 0.693887215625 0.42217013750000004 0.710861346875