0 0.4867904421875 0.5127718390625 0.497320503125 0.5244869078125001 0.520293475 0.5220517515624999 0.5314698859375 0.524830303125 0.5357960015625001 0.5177297750000001 0.5644650437500001 0.5239421640625 0.5580492015625 0.51160314375 0.5386391671874999 0.5054545375 0.532961615625 0.495276621875 0.5219690781249999 0.4940427625 0.511719671875 0.482263153125 0.4961552796875 0.47942760156249997 0.4872146984375 0.488466284375 0.4867904421875 0.5127718390625
0 0.5203284578125 0.4350650921875 0.5127751796875 0.42588357656250003 0.48862611874999995 0.4326665828125 0.4677675234375 0.42853802500000004 0.4500681828125 0.43619872343750005 0.43816760937500004 0.44709289218750004 0.43307266875000006 0.4594446296875 0.4347227546875 0.47672615625 0.441407171875 0.48512816875000003 0.46975778906250004 0.48223809375000004 0.49639771093749996 0.4655387125 0.5159289609375 0.46474287500000006 0.5240445015625 0.44706342968749996 0.6102244328124999 0.42967285625 0.616144415625 0.4259618828125 0.619225621875 0.41716195 0.616386846875 0.41207299375 0.608574346875 0.412391328125 0.59282813125 0.41997244218749996 0.5203284578125 0.4350650921875
0 0.5532064875 0.34178258906250003 0.5606260843750001 0.3392955921875 0.5649964984375 0.343862146875 0.5932152453125 0.341887234375 0.595471409375 0.3244465390625 0.5926326343749999 0.31935758281250004 0.5770682421875 0.3165220296875 0.5603454125 0.32138279375 0.5536307421875 0.317477034375 0.5496032765625001 0.324580646875 0.48558536406249997 0.3212659390625 0.48486268125 0.3286759390625 0.5494820609375 0.33152509218750004 0.5532064875 0.34178258906250003
0 0.5653099703125 0.2579185234375 0.5632892109375 0.2717076359375 0.5201692718750001 0.294551965625 0.509872553125 0.3065695390625 0.5236300390624999 0.3030855828125 0.5659555703125 0.28227731093749997 0.5721427718750001 0.29137983749999996 0.5815805703125 0.281640640625 0.6326648593749999 0.2622103515625 0.635685459375 0.2568826421875 0.6359884984375 0.23952153125 0.63125720625 0.23103993437499998 0.6136184734375 0.2352284125 0.5780760328125 0.2573983453125 0.5653099703125 0.2579185234375
0 0.4537046546875 0.22786539062500002 0.4436965984375 0.242152196875 0.40427045 0.2645772046875 0.3833080796875 0.29145450156249997 0.38294443125 0.312287834375 0.3915213671875 0.3240824859375 0.39643448281250004 0.32214741562500004 0.42112128125000003 0.30552761875 0.4431511265625 0.273402196875 0.4629248078125 0.258717471875 0.46411349843750005 0.2465249015625 0.47311468906250004 0.234013996875 0.520656375 0.1939095421875 0.53368503125 0.1742950265625 0.5248656640625 0.1763892640625 0.464262975 0.2340951671875 0.4537046546875 0.22786539062500002
0 0.4354129078125 0.3812798375 0.3882954765625 0.3970787359375 0.37343491093750003 0.4098283921875 0.39296616093750003 0.40903255468750005 0.42540485156249996 0.39556664375 0.45079547656249996 0.39453205625 0.45677606718749997 0.3873488609375 0.4822273 0.38284205 0.49803412343750003 0.3717887125 0.5077997484375001 0.37139079375 0.5108809562500001 0.3625908640625 0.5043783625 0.3437721828125 0.44536035625 0.3704652515625 0.4354129078125 0.3812798375
0 0.3819123140625 0.7960624078125 0.38668609531250003 0.806575125 0.40402178906249997 0.8197477609374999 0.43917803906249997 0.818315253125 0.45330549062500003 0.8258035843749999 0.4602640015625 0.8173574875 0.5043566968750001 0.8321674296875001 0.5202076859375 0.8315215515625001 0.5072480203125 0.820790921875 0.46125321250000006 0.806058484375 0.45659997187499995 0.7913303203125001 0.4462919109375 0.792031803125 0.42328024375 0.77688225 0.4188771703125 0.7745720234375 0.4127731671875 0.7708366328125 0.38869028125 0.770735634375 0.38219723437500003 0.7842046390624999 0.3819123140625 0.7960624078125
0 0.2922189109375 0.590095075 0.3092515640625 0.620628821875 0.3194785859375 0.6497049984375 0.32611357343749997 0.6479365828125 0.350583903125 0.7126279796875 0.3582611953125 0.7209340671875 0.33013532031250004 0.6443950984375 0.33238602500000003 0.6370349281250001 0.3306147234375 0.6266978453125 0.3248765640625 0.6199921515625 0.3120532 0.5719381265625 0.29785932187499997 0.5464933375000001 0.29199994687499997 0.5467320890625 0.28608726406249996 0.5544315453124999 0.2848912734375 0.5626356328125001 0.2922189109375 0.590095075
0 0.2758431484375 0.6896502859375 0.283473825 0.6997486187499999 0.293444703125 0.7021330625 0.2956134890625 0.695852415625 0.36918883125 0.7457703203125 0.3711348765625 0.7409060890625 0.30129438125 0.6851434765625 0.2957380453125 0.668021115625 0.2802342625 0.661713340625 0.2534359828125 0.6315775140625 0.23213343125 0.6220362671874999 0.22621344843750002 0.6257472421875 0.22111850781250003 0.638098978125 0.22087607656250002 0.6519878671875 0.23903681250000003 0.6738012671875 0.2758431484375 0.6896502859375
0 0.5258060078125 0.6256839140625 0.5225621359375 0.6357751 0.5321873874999999 0.6514470375 0.535147378125 0.6495915515624999 0.557359046875 0.6070494625 0.5615683375 0.589529184375 0.5721186984375 0.5749546328124999 0.56917335625 0.563922690625 0.618498328125 0.45882861718749995 0.617673284375 0.450187853125 0.566139471875 0.557963425 0.556193825 0.5619901578125 0.5540588765625001 0.5724864078125 0.5258060078125 0.6256839140625
0 0.4151270171875 0.2016792859375 0.4207439609375 0.21532942500000002 0.42869274375 0.2137992453125 0.4538258703125 0.2209209453125 0.4773318234375 0.216774378125 0.47674136562499997 0.193964065625 0.4681038234375 0.1856416359375 0.4469532125 0.1846649890625 0.42964111875000005 0.1885248578125 0.42385928437500003 0.1856059953125 0.41664327187500005 0.19220894375 0.34707068125 0.18710360625 0.3440500828125 0.192431315625 0.3468888578125 0.1975202734375 0.4151270171875 0.2016792859375
0 0.23331824218750002 0.33052876875 0.205671453125 0.349004053125 0.1817490890625 0.3777368359375 0.1726872921875 0.39371996249999996 0.17043112656249998 0.41116065781250005 0.1769943296875 0.4265071140625 0.1877062125 0.4278055140625 0.21446735156250002 0.4041616890625 0.240645878125 0.3579882125 0.2565133109375 0.343462653125 0.2639148609375 0.3337787421875 0.260085909375 0.3232384421875 0.36343194687499997 0.1993306671875 0.3537059828125 0.19819893125000002 0.25593452656250004 0.3147486796875 0.252105571875 0.3042084015625 0.23331824218750002 0.33052876875
0 0.2987179203125 0.425631796875 0.28571454531249996 0.42933908593750003 0.2570963 0.4379212 0.242955390625 0.44538365 0.2273079375 0.445226665625 0.2261020265625 0.46440828281249996 0.23083331875000002 0.47288987968749996 0.23379331093750003 0.47103439375 0.260251409375 0.464751678125 0.279964484375 0.45353917499999996 0.295589484375 0.45290250624999995 0.3027519703125 0.442153378125 0.35648388125 0.4293696984375 0.3739247015625 0.4207133328125 0.37331369531249997 0.41677283750000005 0.348945215625 0.417228603125 0.3034261359375 0.42914793125 0.2987179203125 0.425631796875
0 0.4259954640625 0.5376355578124999 0.3822708 0.5383346140625 0.36615808906249997 0.5471801296875001 0.3610631484375 0.5595318671875 0.36277384218750003 0.573341171875 0.371411384375 0.5816636 0.39780887656249997 0.5788531078125 0.42634131562500005 0.565546365625 0.43604633281250005 0.5686206703125001 0.44201093125 0.5537631265625 0.51258185625 0.5446835703125 0.5195693125 0.5357244718749999 0.5167305375 0.5306355140625 0.4424511796875 0.53713191875 0.4367130203125 0.530426225 0.42914780312499995 0.5315528796875 0.4259954640625 0.5376355578124999
0 0.42073804531250003 0.66292775625 0.4323355796875 0.6693946984375 0.445704415625 0.6861987234375 0.447536325 0.693063584375 0.45730195 0.692665665625 0.504328475 0.7471609578125 0.5054426640624999 0.7444090828125 0.460443765625 0.6803935125 0.45778681250000003 0.6648878875 0.45009552968750005 0.6582617765625 0.41969403906249997 0.61092400625 0.41204627499999996 0.60659985 0.40412964687499997 0.6080884546875 0.401109046875 0.6134161625 0.398913490625 0.6273846359374999 0.409261728125 0.6495163703125 0.42073804531250003 0.66292775625
0 0.620357584375 0.687756534375 0.63666294375 0.7599569453125 0.6489643046875 0.782009096875 0.6577836718750001 0.779914859375 0.6638248703125 0.769259440625 0.65863218125 0.7313037484375 0.6334249296875 0.6754984859375 0.6326218046875 0.65602903125 0.6210242703125 0.6495620890625 0.583908459375 0.5311920703124999 0.5797490375 0.5389875484375 0.61711626875 0.6570979859375 0.6117916046875 0.6701838453125 0.620357584375 0.687756534375