0 0.48989189531250005 0.5503100859375001 0.500492671875 0.5628379906250001 0.523456915625 0.5621391640625 0.5346521578125001 0.56576768125 0.5389379515625 0.55898535 0.5676499734375 0.5673768124999999 0.56116075625 0.554535665625 0.5417103125 0.5469091765625 0.5359721453125 0.5362878953125 0.524969815625 0.534220034375 0.5146493828125001 0.5216487546875 0.4990647859375 0.517630896875 0.490174715625 0.52600453125 0.48989189531250005 0.5503100859375001
0 0.52298536875 0.47504018124999997 0.5153768328125 0.465274584375 0.49126154218750007 0.470237953125 0.4703739546875 0.46452449375000004 0.452715025 0.470855096875 0.44087506562499995 0.4808625359375 0.43585084218750003 0.49284480156250005 0.437601953125 0.5102741171875 0.4443368828125 0.5191933890625 0.472677396875 0.5184462453124999 0.499226396875 0.5037420078125 0.5187576468749999 0.5044240531249999 0.5267721625 0.4873357609375 0.612871275 0.476447875 0.6187710515625 0.4731802671875 0.621801746875 0.46460201874999996 0.6189326640624999 0.459291378125 0.6111201640624999 0.459018559375 0.5954143578125 0.46541736718750004 0.52298536875 0.47504018124999997
0 0.5549640515625 0.3838507265625 0.562370928125 0.3819222640625 0.566768971875 0.3868257890625 0.596542084375 0.39273936875 0.597138053125 0.3696921265625 0.59442725625 0.36601880468750003 0.5790197109374999 0.3635214453125 0.56198588125 0.3639645359375 0.555246871875 0.3595451703125 0.5512598171875001 0.36635320625 0.4876925296875 0.35615898125 0.486013803125 0.361831878125 0.5511790109375 0.37329765 0.5549640515625 0.3838507265625
0 0.566946003125 0.301065540625 0.5650050609374999 0.3147198640625 0.5220079156249999 0.33432927968750004 0.5117787359375 0.34558305625 0.5255191984375001 0.3431362328125 0.5677336015625001 0.325505409375 0.5739752765625 0.335088471875 0.5833586015625001 0.32605104687500003 0.6343418671875 0.3104632546875 0.6373321578125 0.305357228125 0.6375341734375 0.28799611718749996 0.6327523687500001 0.27914505 0.615133840625 0.28200343125 0.579712065625 0.30151134062499996 0.566946003125 0.301065540625
0 0.4551392015625 0.2625217640625 0.445211965625 0.2760696296875 0.405907046875 0.29553887031250003 0.38509621250000003 0.3208643875 0.3848537953125 0.3416977203125 0.393501446875 0.3541574203125 0.39840446093750004 0.35259182031249997 0.4230003375 0.33781937812499996 0.44484833906250004 0.3073196296875 0.46454120000000004 0.2941127859375 0.46565917343749996 0.28199411093750004 0.474589646875 0.270148253125 0.521909078125 0.2335907203125 0.5348266078125 0.2149368296875 0.52601734375 0.21636601875 0.46573630625 0.2695592671875 0.4551392015625 0.2625217640625
0 0.437736471875 0.4147539046875 0.391027871875 0.431268715625 0.3732780828125 0.44471713125 0.39471093281249997 0.4423392984375 0.44105109374999996 0.42591285624999997 0.453199859375 0.4291884296875 0.459140040625 0.4224485984375 0.48457106874999994 0.4198630375 0.500317278125 0.4099920078125 0.510082903125 0.41033302968749996 0.513113596875 0.4017547828125 0.5064998765625 0.38241884375 0.44762330625 0.4046782609375 0.437736471875 0.4147539046875
0 0.2957244609375 0.6130022734375 0.312938959375 0.644866115625 0.323337721875 0.6747551281249999 0.3299639859375 0.6734867859375 0.3548168296875 0.7401166171875 0.3625443109375 0.7490150203125 0.3339660640625 0.670245153125 0.33617444375 0.6630456812500001 0.334342528125 0.6525608093749999 0.328563959375 0.6454117515625 0.315457725 0.5963232078125 0.3011123109375 0.56977000625 0.2952529359375 0.56956539375 0.28938368593749997 0.5768273078124999 0.288235184375 0.5849516765625 0.2957244609375 0.6130022734375
0 0.2799245390625 0.711449071875 0.2876158296875 0.7221385578125 0.297602959375 0.7252811625 0.2997356859375 0.7191564390625 0.37361916562499997 0.77471155625 0.375537346875 0.769988253125 0.3053555671875 0.708863509375 0.29969820625 0.691297784375 0.2841540125 0.683807703125 0.2571738890625 0.6516028375 0.23581072343749998 0.6404359203125 0.22991094531249998 0.6437035296875 0.224886721875 0.65568579375 0.2247251109375 0.6695746828125 0.24301717812499998 0.6927920734375 0.2799245390625 0.711449071875
0 0.529574221875 0.6663257171875 0.5263883421875 0.676184609375 0.5361071374999999 0.6926061 0.5390570265625 0.6909722953124999 0.5610262374999999 0.6500558796875 0.5651345015625 0.632831178125 0.575602496875 0.6190362515625 0.5725922156250001 0.607766703125 0.6213169109375001 0.5062686859375 0.62044135625 0.4975540265625 0.569522909375 0.6015698296875 0.55959835 0.6048487859375 0.5575240171875 0.6151972484375 0.529574221875 0.6663257171875
0 0.41639992656249997 0.23337989218750002 0.4220976890625 0.24747339531249998 0.4300394484375 0.2465430875 0.4552200078125 0.25557731875 0.47870739218749997 0.25320517656249997 0.4779839671875 0.23032000625000001 0.46929591249999997 0.22133252812499998 0.44813459531250005 0.21875303437500002 0.430840871875 0.22130710781250001 0.4250406671875 0.2179465765625 0.41786139375 0.224011846875 0.348242565625 0.2136316203125 0.3452522734375 0.2187376453125 0.34812135624999996 0.2240482875 0.41639992656249997 0.23337989218750002
0 0.235298321875 0.3486328453125 0.2077525578125 0.365039090625 0.1839918328125 0.3919984140625 0.1750209578125 0.4073164921875 0.1728658171875 0.4246094 0.1795199421875 0.44047311562499997 0.19024192812500001 0.4425843515625 0.216871734375 0.42093566875 0.2427875984375 0.3766834421875 0.2585742109375 0.3633401890625 0.2659211265625 0.3542039359375 0.2620298875 0.3433597703125 0.3646789125 0.22711374062499998 0.35494405156250003 0.22524404374999998 0.257828084375 0.3345444375 0.2539368421875 0.32370029375 0.235298321875 0.3486328453125
0 0.3012673171875 0.448813734375 0.2882824453125 0.4515412890625 0.259707384375 0.45796772812500003 0.2457222640625 0.46222902499999996 0.22995449531249998 0.46302723125 0.22885999531249998 0.48214288749999995 0.2336418 0.49099395625 0.2365916890625 0.4893601515625 0.26301948125 0.48507257968750006 0.282671940625 0.4753379609375 0.298296940625 0.47588359843749994 0.3053985328125 0.46566261718749996 0.3590687515625 0.45693070156250004 0.376463303125 0.44958354062500006 0.37582920625 0.4455915703125 0.351457596875 0.44420272031249997 0.305997125 0.452691028125 0.3012673171875 0.448813734375
0 0.42922727656250004 0.57060318125 0.3854963078125 0.5679922640624999 0.36943128281250004 0.575629390625 0.364407059375 0.5876116578125 0.3661985734375 0.6015687515625 0.374886628125 0.6105562265625 0.40127401718750005 0.609740878125 0.42973573906249996 0.5985770671874999 0.43946096093750003 0.6023903140625 0.44534045625 0.58796478125 0.5158752546875001 0.584216959375 0.5228122 0.575775121875 0.5199431156250001 0.5704644796875 0.4456839640625 0.571344928125 0.43990539375 0.5641958687499999 0.43234494218749997 0.5647511625 0.42922727656250004 0.57060318125
0 0.624509690625 0.7356399671875 0.641239353125 0.8091704734375 0.6536720468749999 0.8321832499999999 0.6624813109375001 0.830754059375 0.6684618953125 0.82054200625 0.6630469531250001 0.7821429484375 0.6375087578125 0.7243551953125 0.6365920671875 0.70479919375 0.6249541234375 0.697445521875 0.58714021875 0.5761085859375 0.5830252046875 0.583599409375 0.6210890765625 0.704695459375 0.6158393515625 0.7173954234375 0.624509690625 0.7356399671875
0 0.3999678125 0.8059555375 0.41156535312500003 0.8167814296874999 0.44855351875 0.8284939859374999 0.45624481093749997 0.8391834703125 0.46485349375 0.8302462078125 0.52008734375 0.8668342234375 0.5166704765625 0.8517144796875 0.4673786296875 0.8176541890625 0.4644613390625 0.804734065625 0.45453813125 0.8036802468750001 0.43923232656250005 0.78995851875 0.41994349375000006 0.7684431375 0.396546396875 0.7641524609375 0.391562578125 0.7726625046875 0.38944784062500004 0.7864831875 0.3999678125 0.8059555375
0 0.442482221875 0.7134855328125 0.4520991171875 0.7283272125 0.45975687499999995 0.7303688312500001 0.5023848609375 0.8022781546875001 0.502868053125 0.797373153125 0.462218521875 0.72023244375 0.46345954687499996 0.7051315406249999 0.44503033125 0.6776069453125 0.432612884375 0.6461276328125 0.41555120468749995 0.6292517625 0.40723095625 0.6381827375 0.40706934375000003 0.6520716265625001 0.4185464625 0.6831184125 0.431601246875 0.6964469046875 0.442482221875 0.7134855328125