0 0.6566833078125 0.7137654140625 0.6528534109375 0.7288312078125 0.6639817015625 0.7502805453125 0.6740579171875 0.8062455359375 0.692286525 0.8470461437499999 0.701004846875 0.8457706484375 0.706439775 0.8356610578125 0.701118703125 0.8007341171875 0.6772291312500001 0.740580390625 0.6714416265625001 0.71243316875 0.6628104296874999 0.7114543640625001 0.6260820375 0.5854483578125 0.6209870015625001 0.5799841265625 0.6182695375 0.5850389218750001 0.620647109375 0.5955579484375 0.6566833078125 0.7137654140625
0 0.5178112703125 0.5589852828125 0.5290486453125001 0.571701034375 0.55193430625 0.5714034796874999 0.5632990734375001 0.575228428125 0.567221896875 0.5685196312499999 0.5963208078125 0.577414684375 0.5891710734375 0.5644574953125 0.569356859375 0.5564894625 0.5630730374999999 0.5457657171875 0.5519825468749999 0.5435051171875 0.5410227328125 0.5307508796875 0.5252562515625 0.5264597875 0.5168208937500001 0.534679728125 0.5178112703125 0.5589852828125
0 0.546902975 0.4842785390625 0.538797009375 0.47437795937500005 0.514985703125 0.478920803125 0.49383714375 0.4728410703125 0.47654198281250004 0.4788642828125 0.46524767968749997 0.48866679687500003 0.4608600546875 0.500563678125 0.46352059062500006 0.518027146875 0.4707102328125 0.5270659578125 0.4989598046875 0.5268140515625 0.524690321875 0.5125708984374999 0.544221571875 0.5135944875 0.5513266609375 0.49664281250000003 0.6366982328125 0.4872577171875 0.642416125 0.48409257187500004 0.6449921078124999 0.47556555312500004 0.641850196875 0.4702036828125 0.634037696875 0.469794246875 0.6186956609375 0.47591981875 0.546902975 0.4842785390625
0 0.5744259453125 0.3939091703125 0.5817183 0.3921097890625 0.5863650578125 0.3970911875 0.6145357484375 0.3977436390625 0.6157814625 0.3804848875 0.6126395515625 0.375123015625 0.59687306875 0.37083192343750004 0.580393659375 0.37414167656249997 0.57343556875 0.369603615625 0.569812284375 0.3763433421875 0.5054493828125 0.3670554296875 0.50515656875 0.3744101171875 0.5700952484374999 0.3832877875 0.5744259453125 0.3939091703125
0 0.5816736265625 0.311036940625 0.580451196875 0.3246601140625 0.5385594546875 0.34352193125 0.52893824375 0.354599190625 0.5425254625 0.3523920515625 0.583739496875 0.335495546875 0.59047154375 0.3451896625 0.599364496875 0.33631441875 0.6494383359375 0.3216146390625 0.6521558 0.3165598453125 0.6514483890625 0.299198734375 0.6462118718750001 0.29026227968749996 0.6287752281250001 0.2928132734375 0.5944396890625 0.31170598125 0.5816736265625 0.311036940625
0 0.46805304999999997 0.27053095 0.45885335312500003 0.28390804531249997 0.42063974687499994 0.3026941984375 0.4011930515625 0.327661096875 0.40204194375 0.3484944296875 0.41132619375 0.3611078234375 0.416138265625 0.359627609375 0.43991565781249997 0.345282096875 0.46012669375000004 0.31515804531249997 0.4790920140625 0.3022927453125 0.47957338906249997 0.290191146875 0.48786726406250003 0.278498984375 0.533185959375 0.2427611546875 0.5451031203125 0.224329265625 0.5363847984375 0.22560476093749998 0.47899927187499997 0.277755121875 0.46805304999999997 0.27053095
0 0.31318689375000003 0.4876272421875 0.30537439375000003 0.48721780781249996 0.26925539375 0.50957854375 0.2627731625 0.5179008421875 0.263339090625 0.5317897312500001 0.26857560937499997 0.540726184375 0.2714345546875 0.5391436125 0.302882965625 0.5217353109375 0.3197536796875 0.50529543125 0.3275661796875 0.5057048671875 0.34053064375000003 0.48906026875 0.38250901875 0.4670066109375 0.3975680890625 0.45393659218750004 0.40014407187499995 0.44540957499999995 0.336199946875 0.47843888437500004 0.322528071875 0.477722371875 0.31318689375000003 0.4876272421875
0 0.4586532671875 0.4224898578125 0.4123441953125 0.43392212968750005 0.398190946875 0.44530721562500003 0.41772219687499995 0.4463308046875 0.4494535703125 0.43586695000000003 0.4748441953125 0.437197615625 0.48042060624999994 0.4305602484375 0.50566975 0.42841869375 0.5208703031249999 0.4188208984375 0.5306359281249999 0.4193326921875 0.5332119093750001 0.4108056765625 0.5255978203125 0.391350196875 0.46799444531249995 0.412584984375 0.4586532671875 0.4224898578125
0 0.45861586406250004 0.579452003125 0.40978013906250005 0.5805776484375 0.3963206984375 0.5907311140625 0.394933503125 0.60451764375 0.4004529859375 0.620398540625 0.4229846640625 0.62331178125 0.43988935781249994 0.61426796875 0.462245575 0.606312915625 0.46824643125 0.610092215625 0.4760757703125 0.5935278359375 0.5490043421874999 0.5831412921875 0.5515803234375001 0.5746142734374999 0.4865043421875 0.5798658046875 0.475624346875 0.58244910625 0.46864325156250003 0.5720001296875 0.45861586406250004 0.579452003125
0 0.42918403749999995 0.832959975 0.43458144374999996 0.8439348156250001 0.45272549843750004 0.858744934375 0.48788174843750004 0.8605873953125001 0.5024788734375 0.8694048859375 0.50896196875 0.861593725 0.5540218875 0.8805381296875 0.5698728765625 0.8813688453124999 0.5562574671875 0.8694126421874999 0.5092954359374999 0.8503685515624999 0.5037733328125 0.8351826421874999 0.4934816671875 0.834924340625 0.46953302656250007 0.8176049671875001 0.46498494843750005 0.814880521875 0.4586488953125 0.8105700312499999 0.4345029734375 0.808223840625 0.42877899687500004 0.8211094734375 0.42918403749999995 0.832959975
0 0.3272815390625 0.6182961921875 0.3461330046875 0.6504674234375 0.358077790625 0.680544284375 0.36462552656249997 0.6793915125 0.3929217734375 0.7464693203125 0.4011010609375 0.7555046078125 0.36845055000000004 0.6762191750000001 0.370277915625 0.6690568406249999 0.36790034375 0.658537815625 0.3617580046875 0.6512862953125 0.346105378125 0.60195866875 0.3303958234375 0.5751493125 0.3245364484375 0.5748422343749999 0.3190581765625 0.5820030328125 0.31833718125 0.590108978125 0.3272815390625 0.6182961921875
0 0.3166653453125 0.7164868328125 0.324902290625 0.7273129359375 0.3350357109375 0.7306307546874999 0.3368438375 0.724542065625 0.41350117812500004 0.7813999593750001 0.4151685328125 0.7767092250000001 0.34191448750000003 0.7143452781249999 0.3353477015625 0.6966770906249999 0.3194397375 0.6889137734374999 0.29082264687500003 0.6562307484375001 0.268913825 0.6446881328125 0.26319593281250003 0.647853278125 0.25880830781249997 0.6597501578125 0.25937423593750003 0.673639046875 0.27884855937499997 0.697180903125 0.3166653453125 0.7164868328125
0 0.47668123281249997 0.7248729109375 0.48896591093749997 0.7393759531249999 0.4984035875 0.736279596875 0.553847765625 0.7839821390624999 0.5545171328125 0.7797864062500001 0.49933140624999994 0.7281154734374999 0.497599678125 0.7121099703125 0.47750250000000005 0.6971974921874999 0.45488626718749997 0.668293765625 0.43897830156250006 0.66053045 0.430684428125 0.6722226124999999 0.43125035624999997 0.6861115015625 0.45281928593750004 0.7132279359375 0.47668123281249997 0.7248729109375
0 0.5634958078125 0.6757181531249999 0.56083198125 0.6855233625 0.5713928625 0.7021180765625 0.5742518078125001 0.7005355046874999 0.594038396875 0.6599947859374999 0.5972372359375 0.6428383921874999 0.6069637640625001 0.629223640625 0.6033688953125 0.6178991796875 0.64668989375 0.5172322203124999 0.645359625 0.5085004859375 0.5999807234375 0.6116473953125 0.5902460031250001 0.6147535375000001 0.588717325 0.6250678453125 0.5634958078125 0.6757181531249999
0 0.4278586921875 0.24070599375 0.4342839953125 0.25490195937500004 0.44216252031250003 0.25411028281250003 0.4677700859375 0.2635865046875 0.4910903140625 0.2616244390625 0.48916990625 0.2387219671875 0.48002713750000003 0.22958079531250003 0.45876944843749995 0.2266308796875 0.44164108124999996 0.2288831796875 0.4356755203125 0.225420578125 0.4288269609375 0.2313615875 0.35879190625 0.21976231875000002 0.3560744421875 0.2248171140625 0.359216353125 0.2301789859375 0.4278586921875 0.24070599375
0 0.25312306875 0.3528167484375 0.22648673125 0.368744834375 0.2041810875 0.39529430468750004 0.1960286953125 0.41045869062499996 0.19478298125 0.4277174421875 0.20225558906250002 0.44370069843750004 0.21306851718750003 0.4459997828125 0.2385160703125 0.424812184375 0.2620674265625 0.3810039625 0.27712649843750004 0.3679339453125 0.2839815921875 0.35892425625 0.2795296484375 0.3480098671875 0.3759041453125 0.2335344875 0.3660891828125 0.231494246875 0.2748739421875 0.33911929375 0.270422 0.3282049265625 0.25312306875 0.3528167484375