0 0.5084991390625 0.5445328218750001 0.5195241859374999 0.5569356265625001 0.5424360578125 0.5559695734375001 0.55374428125 0.559467278125 0.5577881687499999 0.5526359750000001 0.5867580390625 0.5606920703125 0.5798286109374999 0.547928203125 0.5601357265625 0.5405291640625001 0.5540339015625 0.52997611875 0.542972815625 0.5280366140625 0.5322262578125 0.5155871750000001 0.5165204421875 0.511751278125 0.507933421875 0.5202272671875 0.5084991390625 0.5445328218750001
0 0.53892558125 0.468887878125 0.530985525 0.4592121734375 0.5070728296875 0.4644555890625 0.4860113140625 0.458986053125 0.468594821875 0.4655213609375 0.45711852343750004 0.47566527187499996 0.4525185703125 0.4877044 0.454875778125 0.505110971875 0.4619137578125 0.513950634375 0.4901936625 0.5128736859374999 0.5161971734375 0.4978623890625 0.5357284234375 0.498316984375 0.543136840625 0.4811377109375 0.628751071875 0.46924903906250004 0.6345296312500001 0.4659131953125 0.6372572765625 0.457300828125 0.6342063625 0.45202430624999995 0.6263938625 0.45184246874999995 0.610930496875 0.4584232359375 0.53892558125 0.468887878125
0 0.568056084375 0.37760747656250004 0.5753866359375001 0.37559305468750004 0.5799504375 0.38044471875 0.6087967921875 0.38541103906249996 0.6096845953125001 0.3629598546875 0.6066609984375 0.36171406250000004 0.5913325890625 0.35657155 0.574375384375 0.357642240625 0.567490365625 0.353301921875 0.56374575 0.360155446875 0.5004743515625 0.34966753437500003 0.49960126093749996 0.35640706718750004 0.5639073828125001 0.3670998921875 0.568056084375 0.37760747656250004
0 0.5767614265625001 0.294425065625 0.575299346875 0.308100134375 0.5330389125 0.3282074140625 0.523214921875 0.3395787421875 0.5368532515625 0.3369723 0.578400946875 0.31885245625 0.5849694359375001 0.3283615625 0.594025946875 0.3192161328125 0.6444031125 0.3030369671875 0.647211575 0.2978968234375 0.646807490625 0.2805357125 0.6417226359375 0.2717415078125 0.624225328125 0.2748045953125 0.5895274890625 0.2947222 0.5767614265625001 0.294425065625
0 0.4637458109375 0.25718802812499997 0.454303453125 0.27084962031250004 0.4157258546875 0.29077376250000003 0.3958241671875 0.31633810625000003 0.39630906875 0.33717143906249997 0.405380990625 0.349528784375 0.4102233953125 0.347906321875 0.43427378125000005 0.332849565625 0.4550308046875 0.30209962031250004 0.47423878750000004 0.28866532500000003 0.474932490625 0.276535278125 0.48343869375 0.2645870671875 0.5294247078125001 0.2274836515625 0.5416755281250001 0.208681915625 0.5329268734375 0.21021345937499997 0.4745755890625 0.2641012203125 0.4637458109375 0.25718802812499997
0 0.451676753125 0.40960213124999995 0.40594868125000005 0.42635442343749996 0.38842649375 0.435868478125 0.3904385984375 0.4406322328125 0.4108535984375 0.439699821875 0.4541252171875 0.42022520312499995 0.45882688906249997 0.4248388828125 0.4676250203125 0.42385469374999996 0.4733227609375 0.41704662812500004 0.5140151187499999 0.4041123890625 0.5238720625 0.40063210156249995 0.5265083890625 0.3957273203125 0.520699984375 0.3732512984375 0.46119992656250003 0.3994127609375 0.451676753125 0.40960213124999995
0 0.3167561015625 0.6094767765625 0.33506157812500004 0.6411359125 0.346490709375 0.6708998265624999 0.3530646375 0.6695545218750001 0.380212384375 0.7358860218750001 0.38824097812499997 0.7446932640624999 0.356948715625 0.666266740625 0.3589031625 0.6590425375 0.3567075875 0.6485804109375 0.35068657812500004 0.6414995890624999 0.3358832671875 0.592570259375 0.320628703125 0.566187646875 0.314769328125 0.56605126875 0.3091606515625 0.5733805234375 0.3082970671875 0.5815171609374999 0.3167561015625 0.6094767765625
0 0.3044109453125 0.7080941640625 0.3124658953125 0.7186926687499999 0.322550521875 0.721718590625 0.3244669140625 0.7155698687500001 0.40019907187500003 0.7702574015625 0.40195008593750003 0.7655124078125 0.32972075312500004 0.705212915625 0.32345729375 0.687715425 0.307670659375 0.6804073046875 0.2795995578125 0.648520871875 0.2578727328125 0.63760415 0.252094175 0.6409399953125 0.24749422187499998 0.6529791234375 0.2478174890625 0.6668680124999999 0.2668974859375 0.689869321875 0.3044109453125 0.7080941640625
0 0.552181721875 0.660070803125 0.5493437703125 0.669965446875 0.559623784375 0.6862715781250001 0.5625130640625 0.68460365625 0.5830276375000001 0.64343704375 0.586529803125 0.6261668515625 0.5965036359375 0.6122519390625001 0.59310375 0.6010189593749999 0.638227078125 0.4989674953125 0.6370484734375 0.490264209375 0.58982193125 0.5948586546875 0.5800238921875 0.5982526953125 0.57831321875 0.608623903125 0.552181721875 0.660070803125
0 0.424036775 0.2285010609375 0.43021941718749995 0.242526328125 0.43811903281250003 0.241503696875 0.4635841765625 0.2502435828125 0.48696015781249996 0.24759835156249999 0.4854389875 0.22472470156250002 0.4764478828125 0.215839578125 0.45522233593749994 0.2135067671875 0.43803881718750004 0.21626180625 0.4321284078125 0.21296925 0.42516954374999993 0.2191172703125 0.355273315625 0.20954886718750002 0.352464853125 0.2146890109375 0.3555157671875 0.219965534375 0.424036775 0.2285010609375
0 0.24717786562500002 0.345846565625 0.2202382 0.36257124375 0.197447234375 0.3898035078125 0.1890218484375 0.405223940625 0.1874728078125 0.42253959218750003 0.194672421875 0.43832370000000004 0.20545501718749998 0.44030983749999997 0.2312968953125 0.4183540953125 0.2556369 0.37380618125 0.27093863281249997 0.36028096875000004 0.2779577671875 0.351060428125 0.273692840625 0.340263028125 0.3721601203125 0.2228378296875 0.362371875 0.22108170781249997 0.2691885265625 0.331497803125 0.2649235984375 0.32070042499999996 0.24717786562500002 0.345846565625
0 0.3165624953125 0.445245953125 0.3036886296875 0.44812429375 0.27537265624999996 0.4548824984375 0.26168755312499997 0.458777025 0.2458325859375 0.4602876625 0.24540650312499998 0.47941347187499994 0.2504913578125 0.4882076765625 0.25338063593750004 0.4865397546875 0.27962659843750004 0.4819451234375 0.29891539843750004 0.47198305312500005 0.31454039843750004 0.47234672812499995 0.321276653125 0.4620444640625 0.3745767484375 0.45268896875 0.3916937078125 0.44514031718749997 0.390921075 0.4411562671875 0.3665307 0.4400513109375 0.3214218453125 0.449067665625 0.3165624953125 0.445245953125
0 0.44861662031250005 0.56552935 0.40484782968750005 0.56342785 0.3890688953125 0.5712509515625 0.3844689421875 0.58329008125 0.38674533437499997 0.5972244296875 0.3957364390625 0.6061095515625 0.42206321874999997 0.6049871437500001 0.450100671875 0.593493528125 0.4599471140625 0.59719305 0.46531603437499997 0.5827010296874999 0.5356340875 0.5781326359375 0.5422679828125 0.5696111890625 0.5392170703125 0.564334665625 0.4650791359375 0.566079428125 0.459058128125 0.5589986046875 0.4515262671875 0.5596418328125 0.44861662031250005 0.56552935
0 0.6494203671875 0.7282705421875 0.6686956453125 0.8015963421875 0.68191626875 0.824461275 0.6906649218750001 0.82292973125 0.696281846875 0.8126494421875 0.6895334859375 0.7743186203125 0.6620097859375 0.7168359796875 0.6604117640625 0.6972932984375 0.64853138125 0.690076096875 0.606529246875 0.5691957796875 0.6026806546875 0.576733490625 0.644924046875 0.6973700453125 0.6401239109375 0.7101293984375 0.6494203671875 0.7282705421875
0 0.427605934375 0.8011904296875001 0.439567134375 0.811879853125 0.476918959375 0.8231602499999999 0.48497391093750003 0.8337587546874999 0.49326021875 0.824722490625 0.549703575 0.8606625859375001 0.5457632359375 0.8455846656249999 0.4953428515625 0.8121027828124999 0.4919782421875 0.7992183703125 0.48203034999999994 0.7982802062500001 0.46626435 0.784738509375 0.44624819843749997 0.7634505796875 0.42272988125 0.75943284375 0.41804911093749997 0.7679997515625 0.41641925312500006 0.7818431796875001 0.427605934375 0.8011904296875001
0 0.46684159531249997 0.7082380500000001 0.47696470468749996 0.722965771875 0.48468437656249996 0.724917971875 0.52976984375 0.7963213328125 0.5300812765625 0.7914113703125001 0.4867892921875 0.7147543015625 0.487501828125 0.6996409984375 0.46813454062500004 0.6723346609374999 0.4546336875 0.6410041609375 0.43700388125 0.6243291890625 0.42900543750000003 0.6333558078125 0.4293287046875 0.647244696875 0.4418752796875 0.6781536734375 0.4553792828125 0.69132839375 0.46684159531249997 0.7082380500000001