0 0.24968461249999999 0.6175718890625 0.23768304218749997 0.6417410859375 0.1931518875 0.6915769578125001 0.1856793390625 0.706044346875 0.200923984375 0.6951400859375 0.2454551390625 0.6453042140624999 0.2611609453125 0.638541584375 0.26913505781249997 0.6247436015625001 0.311216571875 0.579451446875 0.31183429687499997 0.5644683359375 0.3089652140625 0.5592259125 0.2997946453125 0.56290140625 0.2754388640625 0.5866173359375 0.263477696875 0.6073143109375 0.24968461249999999 0.6175718890625
0 0.344108153125 0.6447158 0.3439061390625 0.6620769109375 0.34868794375 0.670814284375 0.3613630546875 0.67269811875 0.371451903125 0.6450339734375 0.37165391875 0.6276728625 0.3797896421875 0.599985990625 0.378078934375 0.57912993125 0.3862550609375 0.5479708375000001 0.38537950625 0.53927891875 0.372219559375 0.5790617515625 0.3622923234375 0.5928370078125 0.3601775859375 0.6067031703125 0.344108153125 0.6447158
0 0.19453842500000001 0.23667039375 0.1402687375 0.3680012171875 0.1352849171875 0.37662495625000003 0.1255596953125 0.3730391015625 0.1084530953125 0.41624870312500006 0.08660509375 0.447248709375 0.0725291890625 0.4818118453125 0.068380521875 0.5025997249999999 0.072125159375 0.5165340671875 0.080813215625 0.5253168921875 0.0896224796875 0.52368305 0.11753187031250001 0.47539011249999996 0.12778233125 0.43383708125 0.1457644859375 0.399319396875 0.14206025 0.3819128328125 0.14409418125 0.374991115625 0.202229715625 0.2471779671875 0.20829110625 0.22988503593749998 0.2054220234375 0.2246426125 0.2015157734375 0.22459715781249998 0.19453842500000001 0.23667039375
0 0.3055433265625 0.2657435921875 0.30290335156250003 0.3247486421875 0.3084395015625 0.3525946 0.30783345781250004 0.404677934375 0.3155651515625 0.41171328437500004 0.3140702421875 0.5401855062500001 0.3159021578125 0.5506249000000001 0.3198084078125 0.550670353125 0.32208475625 0.5229153015625 0.3194714015625 0.4117587375 0.3293582359375 0.401455703125 0.32577520937500004 0.3736324734375 0.3321598234375 0.3285617640625 0.33256385312500003 0.2938395421875 0.3270681046875 0.2625213625 0.3203331734375 0.2537612640625 0.3144737984375 0.2536930828125 0.3055433265625 0.2657435921875
0 0.18548721562499998 0.5109077703125 0.14561665625 0.5798976796875001 0.1454954484375 0.590314346875 0.150277253125 0.59905171875 0.1570929890625 0.6008673734375 0.1830088515625 0.5560239296875 0.1891106453125 0.535258778125 0.2030249375 0.5145845312499999 0.205180078125 0.49724614687499996 0.24313791562499998 0.42476128593749995 0.24915890156249998 0.41094057812499996 0.248283346875 0.402248659375 0.19840474531250002 0.49195826875000004 0.1885583140625 0.49878908125 0.18548721562499998 0.5109077703125
0 0.388113596875 0.388248615625 0.38791158281250004 0.40560972656249994 0.3818501921875 0.42290265781249997 0.3734316484375 0.47489508437500005 0.37817305 0.48710467968750004 0.3889354390625 0.485493565625 0.39930710937499997 0.4335238640625 0.39958992968749996 0.40921830937500003 0.4036173890625 0.3988470953125 0.399832346875 0.3883849765625 0.39999395937500004 0.37449608749999996 0.4187437703125 0.27400618125 0.417949021875 0.25836981875 0.41495872968749997 0.2635440625 0.39600690312500003 0.381395078125 0.388113596875 0.388248615625
0 0.44914530781249995 0.3472864765625 0.4451178484375 0.3576576890625 0.4427202921875 0.39582940624999996 0.42840196875 0.4512258765625 0.4282807609375 0.4616425421875 0.4321870109375 0.46168799531250004 0.44650533281250004 0.40629152656249995 0.4466265421875 0.395874859375 0.452728334375 0.37510970781249997 0.4586281125 0.3717056640625 0.4791290328125 0.2885995984375 0.48331810468749997 0.264339496875 0.4766235765625 0.252107175 0.4678143125 0.253741015625 0.455529921875 0.3022157671875 0.44914530781249995 0.3472864765625
0 0.49476306562500005 0.421601096875 0.49601177500000004 0.4277134171875 0.502989803125 0.4203704984375 0.5513603109375 0.3669104546875 0.5572865828125 0.37064826093750003 0.5730731953125 0.356941184375 0.5908937375 0.33631239062499996 0.5920117109375 0.3241709765625 0.585317184375 0.31193865625 0.573477225 0.3222189609375 0.5516696265625 0.349746746875 0.550370090625 0.361270215625 0.49476306562500005 0.421601096875
0 0.6403229234375 0.537036415625 0.624091878125 0.5889379359375 0.6236474453125 0.62713238125 0.6303823765625001 0.6358924781249999 0.637238515625 0.6342359109375 0.6513548234375001 0.5962005546875 0.6579414515625001 0.5337687343749999 0.6639624375000001 0.5199480249999999 0.6603794109375001 0.49212479374999996 0.6851502093749999 0.37781418125 0.6842746546875 0.3691222609375 0.6772973062500001 0.38119549531249997 0.6565943703125 0.4816626734375 0.6445928000000001 0.50583186875 0.6403229234375 0.537036415625
0 0.5581300609375 0.549970784375 0.5599619765625 0.5604101765625 0.5514222234374999 0.6228192703125 0.5512606124999999 0.636708159375 0.5541296953125 0.641950584375 0.56485168125 0.6438116921875 0.568879140625 0.633440478125 0.5756273796875 0.55711976875 0.5757485890625 0.546703103125 0.5700508265625001 0.532746034375 0.5831432765625 0.4148268375 0.5803550000000001 0.4026399703125 0.5773243046875 0.41128643593750003 0.5682593125000001 0.51883441875 0.5661445765625001 0.5327005812500001 0.5581300609375 0.549970784375
0 0.7043626046875 0.6038777109375 0.6913199703124999 0.686955590625 0.6833862625 0.6972813515625 0.68314384375 0.7181146843749999 0.668825521875 0.7735111531250001 0.6682598796875 0.8221222640624999 0.6749948109374999 0.8308823640625 0.6818509484375 0.8292257968750001 0.6918993953125 0.8050338734375 0.69612886875 0.7773015484375 0.6966137046875 0.7356348828125 0.69876884375 0.7182964968750001 0.7027559 0.71139750625 0.7028771093749999 0.7009808390625001 0.6971793453124999 0.6870237703125001 0.7119016984375001 0.59690508125 0.7091134203125 0.5847182125 0.7043626046875 0.6038777109375
0 0.41959317812499997 0.70462991875 0.39542842500000003 0.7668571984375 0.3930712703125 0.8015566937499999 0.397853075 0.8102940656250001 0.4066623390625 0.8086602234375 0.422731771875 0.7706475937499999 0.43318424687499996 0.7117334484375 0.441158359375 0.697935465625 0.4394880546875 0.673607184375 0.4699162125 0.5767258625 0.47310851875 0.5541905078125 0.466171575 0.5627915203125 0.4356626109375 0.6666172859375 0.4237822484375 0.680369815625 0.41959317812499997 0.70462991875
0 0.48616103906249997 0.6915137359375 0.4620770921875 0.7467965703125 0.45784761874999996 0.7745288953125 0.4606762984375 0.7832435421875 0.46940475625 0.78855414375 0.48331905 0.7678798984374999 0.4913739671875 0.7471374703125 0.49763737187499996 0.712483428125 0.5076050125 0.6952359515625 0.5078474296875 0.6744026187500001 0.5360396421875 0.6018041249999999 0.5371576140625 0.589662709375 0.5020284578124999 0.6708622156249999 0.49712544375 0.6725415109374999 0.48616103906249997 0.6915137359375
0 0.48331905 0.7678798984374999 0.467411228125 0.7920036390625 0.4613094359375 0.8127687937499999 0.461107421875 0.8301299046875 0.4658892265625 0.8388672765624999 0.47079224062499997 0.8371879812499999 0.4847065328125 0.8165137359375001 0.498984453125 0.7645894890625 0.5069585640625001 0.7507915078125 0.5042943625 0.7374597578125 0.5353931937499999 0.65735968125 0.5365111671875 0.645218265625 0.5255467640625 0.664190490625 0.499603653125 0.7322455140625 0.49352910781250003 0.7297990859375 0.48331905 0.7678798984374999
0 0.5355818984375 0.7250793765625 0.5297225234375 0.7250111968749999 0.5186773140625001 0.7509278671875 0.48881479843750003 0.799198078125 0.48067907343750005 0.82688495 0.48247058750000005 0.8407965640624999 0.48920551718749994 0.8495566640625001 0.49606165625000004 0.8479000953125 0.5179904640624999 0.8099556437500001 0.52816011875 0.7753470546875 0.5401212859375 0.7546500828125 0.5423572328125 0.7303672531250001 0.5864168624999999 0.6371172390625001 0.5904443203125 0.6267460265625 0.5895687656249999 0.6180541078124999 0.5826318203125 0.6266551203125 0.5505333593749999 0.699208159375 0.5355818984375 0.7250793765625
0 0.159194415625 0.6720820187500001 0.1562041234375 0.6772562625 0.1561233171875 0.6842007078125001 0.16477097031250001 0.696455753125 0.2354028 0.7697620046875 0.2345474265625 0.7924986515625 0.2469037859375 0.79684180625 0.2744425734375 0.8401122859375001 0.2918186828125 0.8576779374999999 0.30449379374999996 0.859561771875 0.3123871 0.8527082328125 0.31653576875 0.831920353125 0.304143478125 0.8057309625 0.2832366546875 0.788515884375 0.25706269375 0.770014040625 0.25308639843749997 0.75631981875 0.239044853125 0.7614056453125 0.22861805 0.74928906875 0.1746499875 0.6934663796875 0.159194415625 0.6720820187500001