0 0.3179160546875 0.575752159375 0.318359375 0.5607638890625 0.3154296875 0.5555555562500001 0.3063031234375 0.559337246875 0.2822265625 0.5833333328125 0.2705078125 0.6041666671875 0.2568359375 0.6145833328125 0.2451171875 0.6388888890625 0.201171875 0.6892361109375 0.193868659375 0.7037884812499999 0.208984375 0.6927083328125 0.2529296875 0.6423611109375 0.2685546875 0.6354166671875 0.2763671875 0.621527778125 0.3179160546875 0.575752159375
0 0.384765625 0.574652778125 0.392578125 0.543402778125 0.3916015625 0.534722221875 0.37890625 0.574652778125 0.369140625 0.5885416671875 0.3671875 0.6024305562500001 0.3515625 0.640625 0.3515625 0.6579861109375 0.3564453125 0.6666666671875 0.369140625 0.668402778125 0.37890625 0.640625 0.37890625 0.6232638890625 0.38671875 0.5954861109375 0.384765625 0.574652778125
0 0.146484375 0.3802083328125 0.1484375 0.3732638890625 0.205078125 0.24479166718749998 0.2109375 0.22743055625 0.2080078125 0.222222221875 0.2041015625 0.222222221875 0.197265625 0.234375 0.14453125 0.36631944375000003 0.1396484375 0.375 0.1298828125 0.37152777812500004 0.11328125 0.41493055625 0.091796875 0.44618055625 0.078125 0.48090277812500004 0.07421875 0.5017361109375 0.078125 0.515625 0.0869140625 0.5243055562500001 0.095703125 0.5225694437499999 0.123046875 0.4739583328125 0.1328125 0.4322916671875 0.150390625 0.39756944375000003 0.146484375 0.3802083328125
0 0.330078125 0.3697916671875 0.3359375 0.32465277812500004 0.3359375 0.28993055624999997 0.330078125 0.25868055624999997 0.3232421875 0.25 0.3173828125 0.25 0.30859375 0.26215277812500004 0.306640625 0.32118055624999997 0.3125 0.3489583328125 0.3125 0.4010416671875 0.3203125 0.4079861109375 0.3203125 0.5364583328125 0.322265625 0.546875 0.326171875 0.546875 0.328125 0.519097221875 0.32421875 0.4079861109375 0.333984375 0.39756944375000003 0.330078125 0.3697916671875
0 0.2109375 0.4947916671875 0.248046875 0.421875 0.25390625 0.4079861109375 0.2529296875 0.39930555624999997 0.2041015625 0.4895833328125 0.1943359375 0.49652777812500004 0.19140625 0.5086805562500001 0.15234375 0.578125 0.15234375 0.5885416671875 0.1572265625 0.597222221875 0.1640625 0.5989583328125 0.189453125 0.5538194437499999 0.1953125 0.5329861109375 0.208984375 0.512152778125 0.2109375 0.4947916671875
0 0.404296875 0.38368055624999997 0.404296875 0.3697916671875 0.421875 0.26909722187499996 0.4208984375 0.25347222187499996 0.41796875 0.25868055624999997 0.400390625 0.3767361109375 0.392578125 0.38368055624999997 0.392578125 0.4010416671875 0.38671875 0.41840277812500004 0.37890625 0.4704861109375 0.3837890625 0.4826388890625 0.39453125 0.48090277812500004 0.404296875 0.42881944375 0.404296875 0.4045138890625 0.408203125 0.39409722187499996 0.404296875 0.38368055624999997
0 0.462890625 0.36631944375000003 0.482421875 0.2829861109375 0.486328125 0.25868055624999997 0.4794921875 0.246527778125 0.470703125 0.24826388906250002 0.458984375 0.296875 0.453125 0.3420138890625 0.44921875 0.35243055624999997 0.447265625 0.390625 0.43359375 0.44618055625 0.43359375 0.45659722187499996 0.4375 0.45659722187499996 0.451171875 0.4010416671875 0.451171875 0.390625 0.45703125 0.3697916671875 0.462890625 0.36631944375000003
0 0.5947265625 0.3293921203125 0.595703125 0.31723934374999996 0.5888671875 0.30508656562500003 0.5771484375 0.31550323125 0.5556640625 0.343281009375 0.554498771875 0.35481803749999996 0.49960119374999995 0.4157877109375 0.5009208468749999 0.421884675 0.5078125 0.41446156562500003 0.5555544796875 0.36044599375 0.5615234375 0.36411434374999996 0.5771484375 0.3502254546875 0.5947265625 0.3293921203125
0 0.666015625 0.484375 0.689453125 0.3697916671875 0.6884765625 0.3611111109375 0.681640625 0.3732638890625 0.662109375 0.4739583328125 0.650390625 0.4982638890625 0.646484375 0.5295138890625 0.630859375 0.581597221875 0.630859375 0.6197916671875 0.6376953125 0.628472221875 0.64453125 0.6267361109375 0.658203125 0.5885416671875 0.6640625 0.5260416671875 0.669921875 0.512152778125 0.666015625 0.484375
0 0.576171875 0.5260416671875 0.587890625 0.4079861109375 0.5849609375 0.3958333328125 0.58203125 0.4045138890625 0.57421875 0.512152778125 0.572265625 0.5260416671875 0.564453125 0.543402778125 0.56640625 0.5538194437499999 0.55859375 0.6163194437499999 0.55859375 0.6302083328125 0.5615234375 0.6354166671875 0.572265625 0.637152778125 0.576171875 0.6267361109375 0.58203125 0.550347221875 0.58203125 0.5399305562500001 0.576171875 0.5260416671875
0 0.70703125 0.7100694437499999 0.7109375 0.703125 0.7109375 0.6927083328125 0.705078125 0.6788194437499999 0.71875 0.5885416671875 0.7158203125 0.5763888890625 0.71129305 0.5956010671875 0.69921875 0.6788194437499999 0.69140625 0.6892361109375 0.69140625 0.7100694437499999 0.677734375 0.765625 0.677734375 0.8142361109375 0.6845703125 0.8229166671874999 0.69140625 0.8211805562500001 0.701171875 0.796875 0.705078125 0.769097221875 0.705078125 0.7274305562500001 0.70703125 0.7100694437499999
0 0.447265625 0.668402778125 0.4765625 0.5711805562500001 0.4794921875 0.5486111109375 0.47265625 0.5572916671875 0.443359375 0.6614583328125 0.431640625 0.675347221875 0.427734375 0.699652778125 0.404296875 0.762152778125 0.40234375 0.796875 0.4072265625 0.8055555562500001 0.416015625 0.8038194437499999 0.431640625 0.765625 0.44140625 0.706597221875 0.44921875 0.6927083328125 0.447265625 0.668402778125
0 0.515625 0.6892361109375 0.515625 0.668402778125 0.54296875 0.5954861109375 0.5439453125 0.5833333328125 0.509765625 0.6649305562500001 0.5048828125 0.6666666671875 0.494140625 0.6857638890625 0.470703125 0.7413194437499999 0.466796875 0.769097221875 0.4697265625 0.777777778125 0.478515625 0.7829861109375 0.4921875 0.762152778125 0.5 0.7413194437499999 0.505859375 0.706597221875 0.515625 0.6892361109375
0 0.5128060515625 0.73149271875 0.54296875 0.6510416671875 0.5439453125 0.6388888890625 0.533203125 0.6579861109375 0.5080553109375 0.7263337546875 0.501953125 0.7239583328125 0.4921875 0.762152778125 0.4765625 0.7864583328125 0.470703125 0.8072916671874999 0.470703125 0.824652778125 0.4755859375 0.8333333328125001 0.48046875 0.831597221875 0.494140625 0.8107638890625 0.5078125 0.7586805562500001 0.515625 0.7447916671875 0.5128060515625 0.73149271875
0 0.55078125 0.7239583328125 0.59375 0.6302083328125 0.59765625 0.6197916671875 0.5966796875 0.6111111109375 0.58984375 0.6197916671875 0.55859375 0.6927083328125 0.5439453125 0.71875 0.5380859375 0.71875 0.52734375 0.7447916671875 0.498046875 0.793402778125 0.490234375 0.8211805562500001 0.4921875 0.8350694437499999 0.4990234375 0.84375 0.505859375 0.8420138890625 0.52734375 0.8038194437499999 0.537109375 0.769097221875 0.548828125 0.7482638890625 0.55078125 0.7239583328125
0 0.29237228125 0.785113825 0.2659866046875 0.76691900625 0.261851521875 0.7532729 0.24787104843750002 0.7585214046875 0.2373046875 0.746527778125 0.18269446250000002 0.6913405375 0.1669921875 0.6701388890625 0.1640625 0.675347221875 0.1640625 0.6822916671875 0.1728515625 0.6944444437499999 0.24432671093749997 0.76691900625 0.24373598125 0.7896625265624999 0.2561411984375 0.7938613328125 0.2841796875 0.8368055562500001 0.3017578125 0.8541666671874999 0.314453125 0.855902778125 0.322265625 0.8489583328125001 0.326171875 0.828125 0.3134765625 0.8020833328125001 0.29237228125 0.785113825