0 0.5478515625 0.527777778125 0.5419921875 0.5173611109375 0.5309702734374999 0.51567814375 0.5205078125 0.503472221875 0.5048828125 0.5 0.49609375 0.5086805562500001 0.49609375 0.5329861109375 0.5068359375 0.5451388890625 0.529782725 0.54363874375 0.541015625 0.546875 0.545220790625 0.5399458203124999 0.5740187531250001 0.5473316359375 0.5673828125 0.534722221875 0.5478515625 0.527777778125
0 0.5663579859375 0.3444601125 0.5595703125 0.34027777812500004 0.5556640625 0.34722222187499996 0.4926026109375 0.33820208125 0.491572096875 0.3449656 0.5556640625 0.3541666671875 0.5595703125 0.3645833328125 0.5669517500000001 0.36239710625 0.571405040625 0.36714511875 0.600151375 0.3714423609375 0.6015625 0.3489583328125 0.5985662765625 0.347782278125 0.5833493171875 0.34299394375 0.5663579859375 0.3444601125
0 0.6376953125 0.28819444375000003 0.640625 0.2829861109375 0.640625 0.265625 0.6357421875 0.25694444375000003 0.6181640625 0.2604166671875 0.582983578125 0.28115310625 0.570217515625 0.28115310625 0.5684361796874999 0.2948696359375 0.5256845828125 0.3159719703125 0.515590453125 0.32757824062499996 0.529296875 0.32465277812500004 0.5712890625 0.30555555624999997 0.577639665625 0.31491685 0.5869140625 0.30555555624999997 0.6376953125 0.28819444375000003
0 0.4638671875 0.40625 0.5048828125 0.3923611109375 0.5148261468750001 0.38864939062500004 0.517578125 0.38368055624999997 0.512289990625 0.3613276171875 0.4521484375 0.3888888890625 0.4423828125 0.39930555624999997 0.3962398296875 0.4171318390625 0.3784865828125 0.4270591046875 0.380388840625 0.43177858437500005 0.4008366203125 0.4303702453125 0.444585215625 0.40987736718749995 0.44918199375 0.41438405625 0.4580078125 0.41319444375 0.4638671875 0.40625
0 0.5794287765624999 0.5875326046875 0.626953125 0.484375 0.6259765625 0.47569444375 0.5762886390624999 0.5814453875 0.56640625 0.5850694437499999 0.564453125 0.5954861109375 0.537109375 0.6475694437499999 0.5340394609375 0.657535540625 0.5439453125 0.6736111109375 0.546875 0.671875 0.568359375 0.6302083328125 0.572265625 0.612847221875 0.5825689140625 0.598692496875 0.5794287765624999 0.5875326046875
0 0.269932978125 0.34477766875000004 0.26591718750000004 0.33407373749999997 0.3671724234375 0.214291796875 0.35741976875 0.21276267031249999 0.26161455624999996 0.32540865625 0.25759876406250004 0.314704746875 0.2392578125 0.34027777812500004 0.2119140625 0.3576388890625 0.1884765625 0.3854166671875 0.1796875 0.4010416671875 0.177734375 0.41840277812500004 0.1845703125 0.43402777812500004 0.1953125 0.4357638890625 0.2216796875 0.41319444375 0.2470703125 0.36805555624999997 0.2626953125 0.3541666671875 0.269932978125 0.34477766875000004
0 0.3106907625 0.45481305625 0.36423761718750003 0.44421124375 0.38153964687499997 0.4362598828125 0.380859375 0.4322916671875 0.3564815109375 0.4317541109375 0.311138234375 0.4418258421875 0.30636525 0.4381152234375 0.2934173765625 0.44129492812500004 0.2649286703125 0.448716215625 0.2511454546875 0.45293155 0.2352467140625 0.454812234375 0.234375 0.4739583328125 0.2392578125 0.4826388890625 0.2421875 0.48090277812500004 0.2685546875 0.47569444375 0.2880859375 0.46527777812500004 0.3037109375 0.46527777812500004 0.3106907625 0.45481305625
0 0.5224609375 0.565972221875 0.529296875 0.5572916671875 0.5263671875 0.5520833328125 0.4521484375 0.5555555562500001 0.4462890625 0.5486111109375 0.43873814062500005 0.5494300890625 0.4356898078125 0.5553885578125 0.39194623281249996 0.5543052 0.3759765625 0.5625 0.37109375 0.574652778125 0.373046875 0.5885416671875 0.3818359375 0.597222221875 0.408203125 0.5954861109375 0.4365234375 0.5833333328125 0.4462890625 0.5868055562500001 0.45199838124999997 0.57218065 0.5224609375 0.565972221875
0 0.64453125 0.6822916671875 0.6328125 0.675347221875 0.5936026453125 0.555379525 0.5895764296875 0.563010946875 0.62903335 0.68272913125 0.6239334734375 0.6956071859375 0.6328125 0.7135416671875 0.650390625 0.7864583328125 0.6630859375 0.809027778125 0.671875 0.8072916671874999 0.677734375 0.796875 0.671875 0.7586805562500001 0.6456750296875 0.7018077265625 0.64453125 0.6822916671875
0 0.4399524890625 0.630764153125 0.4227014515625 0.614490703125 0.41448846093749997 0.62370848125 0.41448846093749997 0.6375973703125 0.4263220328125 0.66823091875 0.43952654375 0.6810983 0.45060127968749997 0.6977501890625 0.46038689843749997 0.7122501484375 0.4680652921875 0.71402363125 0.5115123640625 0.78441575 0.511938309375 0.7794958734375 0.4704080390625 0.7038054328125 0.47147291718749995 0.6886673437499999 0.4527310390625 0.6617972296875 0.4399524890625 0.630764153125
0 0.4677734375 0.20138888906250002 0.478515625 0.1927083328125 0.478515625 0.17534722187500001 0.4755859375 0.1666666671875 0.44871095156249996 0.1729438875 0.4228515625 0.18055555625 0.4150390625 0.19097222187500001 0.3584784703125 0.20318606250000001 0.34765625 0.21006944375 0.3486328125 0.215277778125 0.359375 0.21354166718749998 0.4072265625 0.20138888906250002 0.4189453125 0.20138888906250002 0.4228515625 0.20833333281250002 0.4677734375 0.20138888906250002