0 0.64082615 0.655176475 0.6366399078125 0.6706571140625 0.6472811484375 0.691149171875 0.656063375 0.7463863921875 0.6733619281250001 0.7856404859375 0.6821206859375 0.7835462484375 0.6877982375 0.7728908296875 0.683285909375 0.738327775 0.6607712 0.68017541875 0.6556336203125 0.6524614140625 0.6470147109375 0.6522846421875 0.6131825796875 0.5292280671875 0.6082088546875 0.52421869375 0.6053700796875 0.5295464015625 0.6075050281250001 0.539883484375 0.64082615 0.655176475
0 0.554332725 0.6289173859375 0.5507295140624999 0.6464376640625 0.5538107203125 0.65499884375 0.5626906953125 0.6598490515625001 0.5702607640624999 0.6456418265625 0.5849160375 0.5894496 0.590654196875 0.58226640625 0.589940778125 0.5653894375 0.6255210812499999 0.4522820921875 0.6243929984375 0.443641328125 0.5862584203125001 0.5586763515625 0.5766792828125 0.5654623812499999 0.573076071875 0.582982659375 0.554332725 0.6289173859375
0 0.5053970578125 0.5127718390625 0.516351371875 0.5244869078125001 0.539271975 0.5220517515624999 0.5505613640625 0.524830303125 0.5546455796875 0.5177297750000001 0.5835724625 0.5239421640625 0.5767164234375 0.51160314375 0.5570639578125001 0.5054545375 0.551022759375 0.495276621875 0.53997146875 0.4940427625 0.529295953125 0.482263153125 0.5136103453125 0.47942760156249997 0.5049728015625 0.488466284375 0.5053970578125 0.5127718390625
0 0.5362681296875 0.4350650921875 0.5283833421875 0.42588357656250003 0.5044368718750001 0.4326665828125 0.4834043515625 0.42853802500000004 0.4659474421875 0.43619872343750005 0.45441051562499996 0.44709289218750004 0.44973983124999994 0.4594446296875 0.4519959953125 0.47672615625 0.458983453125 0.48512816875000003 0.48727346093749996 0.48223809375000004 0.5133679140625 0.4655387125 0.5328991640625 0.46474287500000006 0.5404086234375 0.44706342968749996 0.6261036921875001 0.42967285625 0.631902459375 0.4259618828125 0.634680628125 0.41716195 0.631660028125 0.41207299375 0.623847528125 0.412391328125 0.60834374375 0.41997244218749996 0.5362681296875 0.4350650921875
0 0.5659341375 0.34178258906250003 0.573277415625 0.3392955921875 0.5778135828125001 0.343862146875 0.6060035046875 0.341887234375 0.607653590625 0.3244465390625 0.6046329906250001 0.31935758281250004 0.5889473828125 0.3165220296875 0.572370559375 0.32138279375 0.5655098828125 0.317477034375 0.5617248484374999 0.324580646875 0.49750000781250003 0.3212659390625 0.497035165625 0.3286759390625 0.5618460640625 0.33152509218750004 0.5659341375 0.34178258906250003
0 0.5751250609375 0.2579185234375 0.5735831484375 0.2717076359375 0.53119989375 0.294551965625 0.521308353125 0.3065695390625 0.5349637109375001 0.3030855828125 0.5766225546875 0.28227731093749997 0.583136559375 0.29137983749999996 0.5922475546875 0.281640640625 0.6427257656250001 0.2622103515625 0.645564540625 0.2568826421875 0.6452615015625 0.23952153125 0.64022716875 0.23103993437499998 0.6227096515625 0.2352284125 0.5878911234374999 0.2573983453125 0.5751250609375 0.2579185234375
0 0.4623109703125 0.22786539062500002 0.4527877765625 0.242152196875 0.414088925 0.2645772046875 0.3940356703125 0.29145450156249997 0.39439931875 0.312287834375 0.40340050781250003 0.3240824859375 0.40825301718749996 0.32214741562500004 0.43239434374999997 0.30552761875 0.4533332484375 0.273402196875 0.4726220671875 0.258717471875 0.47338650156249995 0.2465249015625 0.48196343593749996 0.234013996875 0.52817175 0.1939095421875 0.54053371875 0.1742950265625 0.5317749609375 0.1763892640625 0.473101959375 0.2340951671875 0.4623109703125 0.22786539062500002
0 0.434785396875 0.2185628953125 0.4388712734375 0.21394437812499997 0.45318625 0.21705662656250002 0.48455978125000004 0.2147973984375 0.48840542343750004 0.211166009375 0.488041775 0.190332675 0.48105431875000004 0.1819306640625 0.4322868015625 0.18739247812499998 0.4265486421875 0.194575675 0.3780394640625 0.2011130328125 0.35535049218750003 0.20268881562500002 0.35265460625 0.21059430781250002 0.42673046562500005 0.204992340625 0.434785396875 0.2185628953125
0 0.282367365625 0.33248890000000003 0.2705880078125 0.32949418124999996 0.2573403875 0.354356821875 0.22272960937500003 0.3870393296875 0.21131389843749998 0.40487794218750006 0.20096566249999998 0.42788509843750006 0.20120809374999998 0.44177398749999996 0.210269890625 0.45704086093749996 0.2229349 0.4547874546875 0.2430487609375 0.43138238125 0.26948339374999997 0.378184875 0.28291283749999996 0.36373890000000003 0.28764412968749997 0.354859384375 0.28550918125 0.344522303125 0.2978105421875 0.3214355625 0.370332271875 0.221189159375 0.3730498328125 0.20891700468750002 0.3623379484375 0.2110908265625 0.282367365625 0.33248890000000003
0 0.3021879828125 0.46024486875 0.2943754828125 0.460563203125 0.2576903625 0.48638085000000003 0.25100594374999996 0.49533994843749996 0.25124837499999997 0.5092288375 0.2562827078125 0.517710434375 0.2591820921875 0.5158549484375 0.2910753109375 0.49544459218750003 0.308350396875 0.477367228125 0.316162896875 0.47704889218749996 0.3295317328125 0.45913069531249995 0.3720762265625 0.4330742984375 0.3874587953125 0.4185487390625 0.39023696406249997 0.4097488078125 0.3254436578125 0.448873196875 0.3117717828125 0.449430284375 0.3021879828125 0.46024486875
0 0.4493527171875 0.3812798375 0.40272014843750004 0.3970787359375 0.38828383906249997 0.4098283921875 0.4078150890625 0.40903255468750005 0.43982952343750004 0.39556664375 0.46522014843750004 0.39453205625 0.47095830781250003 0.3873488609375 0.496288325 0.38284205 0.5117315015624999 0.3717887125 0.5214971265624999 0.37139079375 0.5242752937499999 0.3625908640625 0.5171060125 0.3437721828125 0.45893651875 0.3704652515625 0.4493527171875 0.3812798375
0 0.4456515109375 0.5388425406249999 0.39672977343750004 0.5445314781249999 0.38301686875 0.5559800609375001 0.381306175 0.5699485328125 0.38646172343749996 0.5853745734375 0.4089529640625 0.586195471875 0.426089434375 0.5755391375000001 0.44865868437499995 0.5654667812499999 0.45457866718749995 0.5687002546875 0.46280422187500003 0.5513419640625 0.5360644453125001 0.5341077375000001 0.5388426140625 0.5253078046875 0.4735644453125 0.5366544171875 0.46261084218750004 0.540263234375 0.4558651046875 0.530426225 0.4456515109375 0.5388425406249999
0 0.47951768906250003 0.7657414984375001 0.500339665625 0.7784077515625001 0.5150375875 0.785142325 0.5270593765625 0.802025934375 0.5367037859375 0.7946835703125 0.5844272953125 0.8413846703125 0.5892798046875 0.8394496 0.5891585890625 0.8325051562500001 0.5404282125 0.7841077375000001 0.5342657984375 0.766985375 0.5184589734375 0.7572053796875 0.49844286093749995 0.7302234390625 0.4786691796875 0.7171303875 0.4689035546875 0.71752830625 0.4660647796875 0.722856015625 0.46447530156249994 0.7437689328125 0.47951768906250003 0.7657414984375001
0 0.3730792140625 0.714483465625 0.3665160125 0.730387009375 0.3717321671875 0.749285271875 0.38816720625 0.751830396875 0.40002217656249994 0.746395196875 0.41836473593749995 0.7334863734375 0.43594286093749995 0.73277011875 0.44020035156250004 0.7201458953125 0.49809533906250003 0.700892975 0.49884364843749995 0.6971975359375 0.4385225390625 0.70912764375 0.4285503265625 0.699503253125 0.4159223703125 0.70793680625 0.38883207343750004 0.704817165625 0.3730792140625 0.714483465625
0 0.3271641453125 0.6034268765624999 0.32587770781250003 0.64170090625 0.3328583765625 0.6469134999999999 0.33321565937500003 0.7524856640625 0.33706595625 0.75180083125 0.33615174375 0.6483631015625 0.34339522499999997 0.63751243125 0.3408360203125 0.602869790625 0.34437862343750003 0.581877290625 0.3437119375 0.543682846875 0.33654265625 0.5248641671875001 0.33068328125 0.5251029171875 0.3259519890625 0.5339824328125 0.32246999375 0.55844715625 0.3271641453125 0.6034268765624999
0 0.2849461578125 0.7041758453125 0.2989816796875 0.7244520921875 0.30662004062500003 0.7266447281249999 0.30859693906249996 0.720756953125 0.3773253296875 0.7945068390625 0.38121822031249997 0.7888577 0.313245840625 0.7147602234375 0.314463221875 0.6994005765625 0.29630126093750003 0.682865009375 0.2721970734375 0.6456255703125 0.252362784375 0.629060296875 0.2446108921875 0.632850853125 0.2398796 0.64173036875 0.23898117968750002 0.6610946906249999 0.25528563593750003 0.6845362671874999 0.2849461578125 0.7041758453125