0 0.48368836093749995 0.5387586843750001 0.4941476890625 0.551036459375 0.5171293921875 0.5498033234374999 0.52828696875 0.5531702875 0.5326534125 0.5462900390625001 0.5612794671875 0.5540109484375 0.5549370140625001 0.54132431875 0.5355673984375 0.5341526078125 0.5299504734375 0.5236677609375 0.51896773125 0.5218565421875 0.5087893671875 0.509528878125 0.4932451828125 0.50587484375 0.48425407812500004 0.5144531296875 0.48368836093749995 0.5387586843750001
0 0.51767100625 0.46273890624999997 0.510172996875 0.45315304375 0.4859901609375 0.4586763578125 0.4651605609375 0.4534506109375 0.447420803125 0.4601905140625 0.43545960156249996 0.47047082187499994 0.4302939296875 0.4825667828125 0.431842971875 0.4999506203125 0.4384768671875 0.50871071875 0.4668375875 0.50730414375 0.49356845156249995 0.4919859546875 0.5130997015625 0.4922132203125 0.521316284375 0.4749430171875 0.607577053125 0.46205410156250004 0.6135172437499999 0.45865005937500003 0.6166489734375 0.45000359218749997 0.6138405125 0.4447611703125 0.6060280125 0.44467026406250004 0.590241378125 0.45143289375 0.51767100625 0.46273890624999997
0 0.551084540625 0.3710945234375 0.5585168640625 0.3689941875 0.56285964375 0.37379401875 0.5910831953125 0.37329653125 0.5934404046874999 0.355958146875 0.5906319421874999 0.3507157234375 0.575087759375 0.3470616875 0.5583405875 0.35105028437499997 0.551650259375 0.34678896875 0.547582375 0.353687959375 0.4835989625 0.3470143859375 0.48283329375 0.3543932828125 0.5474207421874999 0.3606324046875 0.551084540625 0.3710945234375
0 0.5636736046874999 0.2877881875 0.5615730125 0.30148398906249996 0.518330253125 0.32208886406250004 0.507965984375 0.333577678125 0.5217404984375 0.3308117046875 0.564177178125 0.31220310625000003 0.5703098953125 0.3216382953125 0.579802178125 0.3123849203125 0.6309875125 0.2956147 0.634038425 0.2904404578125 0.634442509375 0.273079346875 0.6297617390625 0.2643419734375 0.612102796875 0.2676096578125 0.5764396671875 0.287936734375 0.5636736046874999 0.2877881875
0 0.4522698140625 0.25185718125 0.442180921875 0.2656324375 0.4026335203125 0.2860112375 0.3815195828125 0.3118142734375 0.38103468125 0.33264760625 0.389540884375 0.3449026546875 0.39446410468750004 0.3432233609375 0.41924184374999995 0.32788244375 0.4414535703125 0.2968824375 0.46130808749999996 0.283220815625 0.462567509375 0.27107939999999997 0.47163943125 0.2590288921875 0.5194034171874999 0.2213798875 0.5325432218749999 0.20243038906250002 0.5237137515625 0.20406423125 0.4627893453125 0.258646128125 0.4522698140625 0.25185718125
0 0.433088871875 0.404453146875 0.3858906046875 0.41779659375 0.3709593078125 0.429778921875 0.3904905578125 0.4300061890625 0.4229999796875 0.4182284 0.4483906046875 0.418523846875 0.4544116140625 0.4116475828125 0.47988305625 0.4084708078125 0.49575050625 0.3982359546875 0.5055161312500001 0.3983495875 0.5086478609375 0.3897031234375 0.502256415625 0.37052635624999997 0.44309694843749997 0.3941501125 0.433088871875 0.404453146875
0 0.2887126484375 0.6059531890625001 0.30556342187499996 0.6374077296875 0.315618665625 0.6670466140625 0.32226237812499997 0.6656243875000001 0.346350115625 0.731657715625 0.353977209375 0.74037385 0.326303796875 0.6622904828125 0.3285968375 0.6550415609375 0.3268861625 0.6446021671875 0.32118842187499996 0.6375895421875 0.3086479828125 0.58881934375 0.294605671875 0.562607228125 0.288746296875 0.5625390484375 0.2827901734375 0.5699356046874999 0.2815466828125 0.5780845046875001 0.2887126484375 0.6059531890625001
0 0.2717609296875 0.704741071875 0.2793309796875 0.715248646875 0.289285603125 0.7181579484375 0.2914904546875 0.7119852421874999 0.364757596875 0.7658056578125 0.3667315109375 0.7610389859375 0.29723237187499996 0.701564296875 0.29177708125 0.68413500625 0.276313715625 0.677008746875 0.24969731718750002 0.6454405750000001 0.22845539218750002 0.6347739140625 0.2225152 0.6381779578125 0.21734952812500002 0.6502739171874999 0.2170262609375 0.66416280625 0.2350556390625 0.6869481546875 0.2717609296875 0.704741071875
0 0.522037028125 0.6538192765625 0.5187351515625 0.663749653125 0.528266840625 0.6799404874999999 0.5312369359375 0.6782384671874999 0.5536911124999999 0.6368217921875 0.558001446875 0.6195061359375 0.5686341921875 0.6054712999999999 0.565753803125 0.59427486875 0.615679171875 0.49167025937500003 0.6149046515625 0.482978340625 0.5627553468750001 0.5881511125000001 0.5527886078125 0.5916601765625 0.55059303125 0.6020541171875 0.522037028125 0.6538192765625
0 0.41385385 0.22362487031249997 0.41938995781250005 0.23758193906249997 0.42734576718749995 0.2364670359375 0.4524314484375 0.2449127359375 0.4759559734375 0.2419945625 0.4754985125 0.2191324265625 0.4669114921875 0.21034960156250002 0.4457715890625 0.208263340625 0.42844112343749996 0.2112192375 0.42267766093750003 0.20799461875 0.415424903125 0.21422534531249998 0.345898559375 0.205468325 0.342847646875 0.21064256874999998 0.3456561078125 0.21588499218749999 0.41385385 0.22362487031249997
0 0.23133775937499998 0.34306179531250003 0.203589925 0.3601047328125 0.179505890625 0.387609790625 0.1703531515625 0.4031325203125 0.1679959421875 0.42047090468750004 0.174468203125 0.4361754484375 0.1851699828125 0.43803655625 0.2120624796875 0.4157739203125 0.238503725 0.37093047968750004 0.25445199218750003 0.357223403125 0.2619081890625 0.3479186234375 0.258141534375 0.3371679640625 0.3621847265625 0.218564234375 0.3524676625 0.21692162656249997 0.2540405859375 0.32845281718749997 0.2502739296875 0.31770217968750003 0.23133775937499998 0.34306179531250003
0 0.29616800468750004 0.44168010625000004 0.2831461234375 0.4447091484375 0.254484684375 0.4517989390625 0.2403036671875 0.45852694843749997 0.2246608421875 0.45754957812499997 0.22334349687500002 0.4766855328125 0.2280242671875 0.48542290625 0.23099436406249998 0.483720884375 0.25748277656249996 0.4788193609375 0.27725647656249996 0.46862996093750003 0.29288147656249996 0.468811775 0.300104871875 0.4584282703125 0.3538984859375 0.4484495328125 0.37138558593750004 0.4406994984375 0.370797675 0.4367233671875 0.346432321875 0.43590214843749997 0.30085462343749997 0.4454462640625 0.29616800468750004 0.44168010625000004
0 0.42276299531249995 0.5604582671875 0.37904463593750004 0.5588659078125 0.3628842296875 0.5668748828125 0.3577185578125 0.5789708453125 0.35934841562500003 0.5928824609375 0.3679354359375 0.6016652859375 0.39434303125 0.600235984375 0.422946203125 0.5884127421875001 0.4326310109375 0.5919985999999999 0.43868072812500003 0.5774401265625 0.5092877875 0.5720516046874999 0.5163257671875 0.5634505937500001 0.5135173046875 0.5582081703124999 0.4392177390625 0.5608167796875 0.433519996875 0.5538041546875 0.4259500140625 0.55453526875 0.42276299531249995 0.5604582671875
0 0.41677708124999996 0.6855895125 0.428334196875 0.6926703171875 0.4416019875 0.7101905140625 0.4433934796875 0.7171576859375 0.4531591046875 0.7172713203125001 0.4998570703125 0.774281615625 0.500987021875 0.771585628125 0.4563716515625 0.70515263125 0.4538056390625 0.6894935421875 0.44615477343750004 0.6824581890625 0.41603620937499997 0.6334834515625001 0.40841544531249996 0.6287544421875 0.40049202656249994 0.6298294171875 0.3974411125 0.6350036593749999 0.3951647203125 0.648869821875 0.40538159843750005 0.6715642640625 0.41677708124999996 0.6855895125
0 0.6162046328125 0.7209051078125001 0.6320856046875 0.7940263125 0.64425560625 0.81674348125 0.6530850781249999 0.815109640625 0.659186903125 0.8047611531250001 0.6542165140625 0.7664985296875 0.6293402734375 0.7093208359375 0.6286507359375 0.6897914671875001 0.61709361875 0.6827106625 0.58067604375 0.5622867171875 0.5764722046874999 0.5698712890625 0.6131426531249999 0.690048596875 0.6077430359375 0.702867309375 0.6162046328125 0.7209051078125001
0 0.390753440625 0.7964279046875 0.402229740625 0.8069809296875 0.439096665625 0.817829403125 0.44666671406249997 0.8283369765625 0.455382875 0.819201765625 0.510213484375 0.854494290625 0.5069711390625 0.8394581703125 0.4580555390625 0.8065543828124999 0.4552873828125 0.7937056609375001 0.44537240312500004 0.7928830921875 0.430220025 0.7795213265625 0.41117367656250003 0.7584607250000001 0.38781699375 0.7547157828125 0.3827321390625 0.7633395234375 0.380455746875 0.7772056843749999 0.390753440625 0.7964279046875