0 0.64082615 0.6881223359375 0.6366399078125 0.7033696984375 0.6472811484375 0.72440005625 0.656063375 0.7800465171875001 0.6733619281250001 0.82017025 0.6821206859375 0.8185364093749999 0.6877982375 0.808187921875 0.683285909375 0.773420246875 0.6607712 0.7141424749999999 0.6556336203125 0.6861848625 0.6470147109375 0.6855570890625 0.6131825796875 0.560841984375 0.6082088546875 0.5555768343749999 0.6053700796875 0.5607510765625 0.6075050281250001 0.5711904703124999 0.64082615 0.6881223359375
0 0.554332725 0.65735968125 0.5507295140624999 0.6746753375 0.5538107203125 0.6833899828125001 0.5626906953125 0.6887005875 0.5702607640624999 0.6749026046875 0.5849160375 0.6195288624999999 0.590654196875 0.6126525984375 0.589940778125 0.59575370625 0.6255210812499999 0.48461218281249996 0.6243929984375 0.47592026406250004 0.5862584203125001 0.5888539984375 0.5766792828125 0.5951324 0.573076071875 0.6124480578125 0.554332725 0.65735968125
0 0.5053970578125 0.5387586843750001 0.516351371875 0.551036459375 0.539271975 0.5498033234374999 0.5505613640625 0.5531702875 0.5546455796875 0.5462900390625001 0.5835724625 0.5540109484375 0.5767164234375 0.54132431875 0.5570639578125001 0.5341526078125 0.551022759375 0.5236677609375 0.53997146875 0.5218565421875 0.529295953125 0.509528878125 0.5136103453125 0.50587484375 0.5049728015625 0.5144531296875 0.5053970578125 0.5387586843750001
0 0.5362681296875 0.46273890624999997 0.5283833421875 0.45315304375 0.5044368718750001 0.4586763578125 0.4834043515625 0.4534506109375 0.4659474421875 0.4601905140625 0.45441051562499996 0.47047082187499994 0.44973983124999994 0.4825667828125 0.4519959953125 0.4999506203125 0.458983453125 0.50871071875 0.48727346093749996 0.50730414375 0.5133679140625 0.4919859546875 0.5328991640625 0.4922132203125 0.5404086234375 0.4749430171875 0.6261036921875001 0.46205410156250004 0.631902459375 0.45865005937500003 0.634680628125 0.45000359218749997 0.631660028125 0.4447611703125 0.623847528125 0.44467026406250004 0.60834374375 0.45143289375 0.5362681296875 0.46273890624999997
0 0.5659341375 0.3710945234375 0.573277415625 0.3689941875 0.5778135828125001 0.37379401875 0.6060035046875 0.37329653125 0.607653590625 0.355958146875 0.6046329906250001 0.3507157234375 0.5889473828125 0.3470616875 0.572370559375 0.35105028437499997 0.5655098828125 0.34678896875 0.5617248484374999 0.353687959375 0.49750000781250003 0.3470143859375 0.497035165625 0.3543932828125 0.5618460640625 0.3606324046875 0.5659341375 0.3710945234375
0 0.5751250609375 0.2877881875 0.5735831484375 0.30148398906249996 0.53119989375 0.32208886406250004 0.521308353125 0.333577678125 0.5349637109375001 0.3308117046875 0.5766225546875 0.31220310625000003 0.583136559375 0.3216382953125 0.5922475546875 0.3123849203125 0.6427257656250001 0.2956147 0.645564540625 0.2904404578125 0.6452615015625 0.273079346875 0.64022716875 0.2643419734375 0.6227096515625 0.2676096578125 0.5878911234374999 0.287936734375 0.5751250609375 0.2877881875
0 0.4623109703125 0.25185718125 0.4527877765625 0.2656324375 0.414088925 0.2860112375 0.3940356703125 0.3118142734375 0.39439931875 0.33264760625 0.40340050781250003 0.3449026546875 0.40825301718749996 0.3432233609375 0.43239434374999997 0.32788244375 0.4533332484375 0.2968824375 0.4726220671875 0.283220815625 0.47338650156249995 0.27107939999999997 0.48196343593749996 0.2590288921875 0.52817175 0.2213798875 0.54053371875 0.20243038906250002 0.5317749609375 0.20406423125 0.473101959375 0.258646128125 0.4623109703125 0.25185718125
0 0.434785396875 0.241122340625 0.4388712734375 0.236721921875 0.45318625 0.2405806546875 0.48455978125000004 0.23996575937500003 0.48840542343750004 0.2365389921875 0.488041775 0.2157056578125 0.48105431875000004 0.20694555937499998 0.4322868015625 0.2098496140625 0.4265486421875 0.2167258796875 0.3780394640625 0.2207180171875 0.35535049218750003 0.2211046890625 0.35265460625 0.22886184062499998 0.42673046562500005 0.2271425453125 0.434785396875 0.241122340625
0 0.282367365625 0.34696582343750004 0.2705880078125 0.3433572421875 0.2573403875 0.367503709375 0.22272960937500003 0.3983446296875 0.21131389843749998 0.4155693796875 0.20096566249999998 0.43801382968749997 0.20120809374999998 0.45190271875 0.210269890625 0.46762998749999996 0.2229349 0.46604159999999994 0.2430487609375 0.44371078593749996 0.26948339374999997 0.391945625 0.28291283749999996 0.37821582343750004 0.28764412968749997 0.369592084375 0.28550918125 0.3591526921875 0.2978105421875 0.33673096875 0.370332271875 0.2403723609375 0.3730498328125 0.22825367343749997 0.3623379484375 0.2298647875 0.282367365625 0.34696582343750004
0 0.3021879828125 0.4756425859375 0.2943754828125 0.475551678125 0.2576903625 0.499425428125 0.25100594374999996 0.5080264390625 0.25124837499999997 0.521915328125 0.2562827078125 0.5306527015625 0.2591820921875 0.52895068125 0.2910753109375 0.510228446875 0.308350396875 0.49307187656250007 0.316162896875 0.49316278281250003 0.3295317328125 0.4759607578125 0.3720762265625 0.452155190625 0.3874587953125 0.43844811406249995 0.39023696406249997 0.4298016484375 0.3254436578125 0.4654986390625 0.3117717828125 0.465339553125 0.3021879828125 0.4756425859375
0 0.4493527171875 0.404453146875 0.40272014843750004 0.41779659375 0.38828383906249997 0.429778921875 0.4078150890625 0.4300061890625 0.43982952343750004 0.4182284 0.46522014843750004 0.418523846875 0.47095830781250003 0.4116475828125 0.496288325 0.4084708078125 0.5117315015624999 0.3982359546875 0.5214971265624999 0.3983495875 0.5242752937499999 0.3897031234375 0.5171060125 0.37052635624999997 0.45893651875 0.3941501125 0.4493527171875 0.404453146875
0 0.4456515109375 0.5616781421875 0.39672977343750004 0.5648010390625 0.38301686875 0.57552135 0.381306175 0.5893875109375 0.38646172343749996 0.6050693265625 0.4089529640625 0.607066796875 0.426089434375 0.59731721875 0.44865868437499995 0.5884354703125 0.45457866718749995 0.5919758734375 0.46280422187500003 0.575064015625 0.5360644453125001 0.56168039375 0.5388426140625 0.5530339265625 0.4735644453125 0.5609531390625 0.46261084218750004 0.5639852859375 0.4558651046875 0.5538041546875 0.4456515109375 0.5616781421875
0 0.47951768906250003 0.79014253125 0.500339665625 0.803887153125 0.5150375875 0.8113849468750001 0.5270593765625 0.8288824171875 0.5367037859375 0.8220516046874999 0.5844272953125 0.87120815625 0.5892798046875 0.8695288624999999 0.5891585890625 0.86258441875 0.5404282125 0.81168039375 0.5342657984375 0.7942511 0.5184589734375 0.7836526218750001 0.49844286093749995 0.7556475765624999 0.4786691796875 0.7415314203125 0.4689035546875 0.7414177875 0.4660647796875 0.74659203125 0.46447530156249994 0.7674026375 0.47951768906250003 0.79014253125
0 0.3730792140625 0.7333597375 0.3665160125 0.74890519375 0.3717321671875 0.7680592328125 0.38816720625 0.7714623359375 0.40002217656249994 0.7666526578124999 0.41836473593749995 0.7547157828125 0.43594286093749995 0.7549203234374999 0.44020035156250004 0.7425304953125 0.49809533906250003 0.7263257203125 0.49884364843749995 0.7226728296875 0.4385225390625 0.731434484375 0.4285503265625 0.7212968859375 0.4159223703125 0.7290617140625 0.38883207343750004 0.7245268640625 0.3730792140625 0.7333597375
0 0.3271641453125 0.6200011640625 0.32587770781250003 0.6581728828125 0.3328583765625 0.663746121875 0.33321565937500003 0.769240528125 0.33706595625 0.7687578671875 0.33615174375 0.6653667921875 0.34339522499999997 0.6549052 0.3408360203125 0.62016025 0.34437862343750003 0.5993723703125 0.3437119375 0.5611779265625 0.33654265625 0.5420011609375 0.33068328125 0.5419329796875 0.3259519890625 0.5505567203124999 0.32246999375 0.5748168234375 0.3271641453125 0.6200011640625
0 0.2849461578125 0.7184481484374999 0.2989816796875 0.7394405671875 0.30662004062500003 0.742031034375 0.30859693906249996 0.736252121875 0.3773253296875 0.8135322593750001 0.38121822031249997 0.8080920578124999 0.313245840625 0.730504221875 0.314463221875 0.715222334375 0.29630126093750003 0.6977511734374999 0.2721970734375 0.659284009375 0.252362784375 0.6416956328125 0.2446108921875 0.645076946875 0.2398796 0.6537006875 0.23898117968750002 0.6730002875000001 0.25528563593750003 0.6972739140625 0.2849461578125 0.7184481484374999